#1:kx	2:abs1	3:ang1	4:abs2	5:ang2	6:...
0	0.880781	0	0.609453	0	0.680298	0	
0.0628319	0.880822	-0.00564735	0.614614	-0.304674	0.686047	0.310624	
0.125664	0.880945	-0.0112909	0.628052	-0.576056	0.700995	0.587904	
0.188496	0.881151	-0.0169266	0.64561	-0.80075	0.720469	0.818427	
0.251327	0.881438	-0.0225506	0.663853	-0.982384	0.740613	1.00583	
0.314159	0.881807	-0.0281585	0.680905	-1.13031	0.759317	1.15947	
0.376991	0.882256	-0.0337458	0.696047	-1.25332	0.775774	1.28816	
0.439823	0.882786	-0.0393078	0.709186	-1.3581	0.789881	1.39858	
0.502655	0.883395	-0.0448389	0.720503	-1.44936	0.801839	1.49544	
0.565487	0.884082	-0.0503335	0.730262	-1.53039	0.811946	1.58202	
0.628319	0.884847	-0.0557852	0.738732	-1.60349	0.820505	1.66062	
0.69115	0.885689	-0.0611867	0.746149	-1.67027	0.827782	1.73285	
0.753982	0.886605	-0.0665304	0.752712	-1.73193	0.834	1.7999	
0.816814	0.887595	-0.0718072	0.758581	-1.78932	0.839341	1.86261	
0.879646	0.888656	-0.0770076	0.763884	-1.84312	0.843954	1.92164	
0.942478	0.889788	-0.0821206	0.768726	-1.89383	0.847954	1.97749	
1.00531	0.890988	-0.0871339	0.773188	-1.94186	0.851439	2.03056	
1.06814	0.892253	-0.0920342	0.777337	-1.98753	0.854486	2.08115	
1.13097	0.893582	-0.0968061	0.781226	-2.03111	0.857158	2.12953	
1.19381	0.894972	-0.101433	0.784899	-2.07284	0.859507	2.1759	
1.25664	0.896419	-0.105896	0.788389	-2.11292	0.861576	2.22045	
1.31947	0.897922	-0.110175	0.791726	-2.15152	0.863401	2.26333	
1.3823	0.899476	-0.114246	0.794931	-2.18879	0.865014	2.30468	
1.44513	0.901077	-0.118085	0.798024	-2.2249	0.866439	2.34463	
1.50796	0.902723	-0.121663	0.801019	-2.25996	0.8677	2.38326	
1.5708	0.904408	-0.12495	0.803928	-2.29411	0.868816	2.42069	
1.63363	0.906128	-0.127913	0.806759	-2.32747	0.869802	2.457	
1.69646	0.907877	-0.130515	0.80952	-2.36015	0.870674	2.49227	
1.75929	0.909652	-0.132716	0.812215	-2.39227	0.871445	2.52657	
1.82212	0.911444	-0.134475	0.814847	-2.42394	0.872124	2.55997	
1.88496	0.913249	-0.135746	0.817418	-2.45527	0.872724	2.59254	
1.94779	0.915059	-0.136479	0.819926	-2.48636	0.873251	2.62433	
2.01062	0.916868	-0.136626	0.82237	-2.51733	0.873715	2.6554	
2.07345	0.918666	-0.136132	0.824747	-2.54827	0.874122	2.68581	
2.13628	0.920446	-0.134944	0.827054	-2.5793	0.874477	2.7156	
2.19911	0.9222	-0.133008	0.829285	-2.6105	0.874788	2.74482	
2.26195	0.923916	-0.13027	0.831434	-2.64199	0.875059	2.77351	
2.32478	0.925587	-0.126681	0.833493	-2.67386	0.875293	2.80172	
2.38761	0.927199	-0.122195	0.835456	-2.70618	0.875496	2.82949	
2.45044	0.928744	-0.116772	0.837313	-2.73905	0.875671	2.85686	
2.51327	0.930209	-0.110386	0.839055	-2.77252	0.875821	2.88387	
2.57611	0.931583	-0.10302	0.840673	-2.80664	0.875949	2.91055	
2.63894	0.932854	-0.0946766	0.842156	-2.84146	0.876057	2.93694	
2.70177	0.934009	-0.0853745	0.843494	-2.87699	0.876147	2.96307	
2.7646	0.935039	-0.0751566	0.844678	-2.91321	0.876222	2.98898	
2.82743	0.935931	-0.064089	0.845698	-2.95009	0.876283	3.0147	
2.89027	0.936677	-0.0522629	0.846546	-2.98758	0.876331	3.04027	
2.9531	0.937266	-0.039794	0.847214	-3.0256	0.876367	3.06571	
3.01593	0.937693	-0.0268204	0.847696	-3.06402	0.876392	3.09106	
3.07876	0.937951	-0.0134989	0.847988	-3.10273	0.876407	3.11634	
3.14159	0.938038	6.9251e-17	0.848085	3.14159	0.876412	-3.14159	
3.20442	0.937951	0.0134989	0.847988	3.10273	0.876407	-3.11634	
3.26726	0.937693	0.0268204	0.847696	3.06402	0.876392	-3.09106	
3.33009	0.937266	0.039794	0.847214	3.0256	0.876367	-3.06571	
3.39292	0.936677	0.0522629	0.846546	2.98758	0.876331	-3.04027	
3.45575	0.935931	0.064089	0.845698	2.95009	0.876283	-3.0147	
3.51858	0.935039	0.0751566	0.844678	2.91321	0.876222	-2.98898	
3.58142	0.934009	0.0853745	0.843494	2.87699	0.876147	-2.96307	
3.64425	0.932854	0.0946766	0.842156	2.84146	0.876057	-2.93694	
3.70708	0.931583	0.10302	0.840673	2.80664	0.875949	-2.91055	
3.76991	0.930209	0.110386	0.839055	2.77252	0.875821	-2.88387	
3.83274	0.928744	0.116772	0.837313	2.73905	0.875671	-2.85686	
3.89557	0.927199	0.122195	0.835456	2.70618	0.875496	-2.82949	
3.95841	0.925587	0.126681	0.833493	2.67386	0.875293	-2.80172	
4.02124	0.923916	0.13027	0.831434	2.64199	0.875059	-2.77351	
4.08407	0.9222	0.133008	0.829285	2.6105	0.874788	-2.74482	
4.1469	0.920446	0.134944	0.827054	2.5793	0.874477	-2.7156	
4.20973	0.918666	0.136132	0.824747	2.54827	0.874122	-2.68581	
4.27257	0.916868	0.136626	0.82237	2.51733	0.873715	-2.6554	
4.3354	0.915059	0.136479	0.819926	2.48636	0.873251	-2.62433	
4.39823	0.913249	0.135746	0.817418	2.45527	0.872724	-2.59254	
4.46106	0.911444	0.134475	0.814847	2.42394	0.872124	-2.55997	
4.52389	0.909652	0.132716	0.812215	2.39227	0.871445	-2.52657	
4.58673	0.907877	0.130515	0.80952	2.36015	0.870674	-2.49227	
4.64956	0.906128	0.127913	0.806759	2.32747	0.869802	-2.457	
4.71239	0.904408	0.12495	0.803928	2.29411	0.868816	-2.42069	
4.77522	0.902723	0.121663	0.801019	2.25996	0.8677	-2.38326	
4.83805	0.901077	0.118085	0.798024	2.2249	0.866439	-2.34463	
4.90088	0.899476	0.114246	0.794931	2.18879	0.865014	-2.30468	
4.96372	0.897922	0.110175	0.791726	2.15152	0.863401	-2.26333	
5.02655	0.896419	0.105896	0.788389	2.11292	0.861576	-2.22045	
5.08938	0.894972	0.101433	0.784899	2.07284	0.859507	-2.1759	
5.15221	0.893582	0.0968061	0.781226	2.03111	0.857158	-2.12953	
5.21504	0.892253	0.0920342	0.777337	1.98753	0.854486	-2.08115	
5.27788	0.890988	0.0871339	0.773188	1.94186	0.851439	-2.03056	
5.34071	0.889788	0.0821206	0.768726	1.89383	0.847954	-1.97749	
5.40354	0.888656	0.0770076	0.763884	1.84312	0.843954	-1.92164	
5.46637	0.887595	0.0718072	0.758581	1.78932	0.839341	-1.86261	
5.5292	0.886605	0.0665304	0.752712	1.73193	0.834	-1.7999	
5.59203	0.885689	0.0611867	0.746149	1.67027	0.827782	-1.73285	
5.65487	0.884847	0.0557852	0.738732	1.60349	0.820505	-1.66062	
5.7177	0.884082	0.0503335	0.730262	1.53039	0.811946	-1.58202	
5.78053	0.883395	0.0448389	0.720503	1.44936	0.801839	-1.49544	
5.84336	0.882786	0.0393078	0.709186	1.3581	0.789881	-1.39858	
5.90619	0.882256	0.0337458	0.696047	1.25332	0.775774	-1.28816	
5.96903	0.881807	0.0281585	0.680905	1.13031	0.759317	-1.15947	
6.03186	0.881438	0.0225506	0.663853	0.982384	0.740613	-1.00583	
6.09469	0.881151	0.0169266	0.64561	0.80075	0.720469	-0.818427	
6.15752	0.880945	0.0112909	0.628052	0.576056	0.700995	-0.587904	
6.22035	0.880822	0.00564735	0.614614	0.304674	0.686047	-0.310624	
