#1:t	2:m	3:gap1	4:kx_itr1	5:gap2	6:kx_itr2	7:...
0.26	0	0.0376161	2	1.7094	4	
0.261	0	0.0328841	2	1.70672	4	
0.262	0	0.0281521	2	1.70403	4	
0.263	0	0.02342	2	1.70135	4	
0.264	0	0.018688	2	1.69867	4	
0.265	0	0.0139561	2	1.69599	4	
0.266	0	0.0092242	2	1.69331	4	
0.267	0	0.00449163	4	1.69064	4	
0.268	0	0.000240424	4	1.68796	4	
0.269	0	0.00497343	2	1.68529	4	
0.27	0	0.00970501	2	1.68261	4	
0.271	0	0.0144369	2	1.67994	4	
0.272	0	0.0191689	2	1.67727	4	
0.273	0	0.0239009	2	1.6746	4	
0.274	0	0.0286329	2	1.67193	4	
0.275	0	0.0333649	2	1.66926	4	
0.276	0	0.038097	2	1.66659	4	
0.277	0	0.042829	2	1.66393	4	
0.278	0	0.047561	2	1.66126	4	
0.279	0	0.0522931	2	1.6586	4	
0.28	0	0.0570251	2	1.65594	4	

0.26	0.002	0.0369819	3	1.71229	4	
0.261	0.002	0.0322498	3	1.70961	4	
0.262	0.002	0.0275178	3	1.70692	4	
0.263	0.002	0.0227857	3	1.70424	4	
0.264	0.002	0.0180537	3	1.70156	4	
0.265	0.002	0.0133216	3	1.69888	4	
0.266	0.002	0.00858958	3	1.69621	4	
0.267	0.002	0.00385754	3	1.69353	4	
0.268	0.002	0.000393437	4	1.69085	4	
0.269	0.002	0.00433861	3	1.68818	4	
0.27	0.002	0.00907066	3	1.68551	4	
0.271	0.002	0.0138027	3	1.68283	4	
0.272	0.002	0.0185348	3	1.68016	4	
0.273	0.002	0.0232668	3	1.67749	4	
0.274	0.002	0.0279989	3	1.67482	4	
0.275	0.002	0.0327309	3	1.67216	4	
0.276	0.002	0.0374629	3	1.66949	4	
0.277	0.002	0.042195	3	1.66683	4	
0.278	0.002	0.046927	3	1.66416	4	
0.279	0.002	0.0516591	3	1.6615	4	
0.28	0.002	0.0563911	3	1.65884	4	

0.26	0.004	0.0363475	3	1.71518	4	
0.261	0.004	0.0316155	3	1.7125	4	
0.262	0.004	0.0268834	3	1.70982	4	
0.263	0.004	0.0221514	3	1.70713	4	
0.264	0.004	0.0174193	3	1.70445	4	
0.265	0.004	0.0126873	3	1.70178	4	
0.266	0.004	0.00795525	3	1.6991	4	
0.267	0.004	0.00322321	3	1.69642	4	
0.268	0.004	0.00102707	4	1.69375	4	
0.269	0.004	0.00370497	3	1.69107	4	
0.27	0.004	0.00843701	3	1.6884	4	
0.271	0.004	0.013169	3	1.68573	4	
0.272	0.004	0.0179011	3	1.68306	4	
0.273	0.004	0.0226331	3	1.68039	4	
0.274	0.004	0.0273652	3	1.67772	4	
0.275	0.004	0.0320972	3	1.67505	4	
0.276	0.004	0.0368292	3	1.67239	4	
0.277	0.004	0.0415613	3	1.66972	4	
0.278	0.004	0.0462933	3	1.66706	4	
0.279	0.004	0.0510254	3	1.6644	4	
0.28	0.004	0.0557574	3	1.66174	4	

0.26	0.006	0.0357128	3	1.71807	4	
0.261	0.006	0.0309808	3	1.71539	4	
0.262	0.006	0.0262488	3	1.71271	4	
0.263	0.006	0.0215168	3	1.71002	4	
0.264	0.006	0.0167847	3	1.70735	4	
0.265	0.006	0.0120527	3	1.70467	4	
0.266	0.006	0.00732068	3	1.70199	4	
0.267	0.006	0.00258865	3	1.69931	4	
0.268	0.006	0.00166048	3	1.69664	4	
0.269	0.006	0.00307155	3	1.69397	4	
0.27	0.006	0.00780357	3	1.69129	4	
0.271	0.006	0.0125356	3	1.68862	4	
0.272	0.006	0.0172676	3	1.68595	4	
0.273	0.006	0.0219997	3	1.68328	4	
0.274	0.006	0.0267317	3	1.68062	4	
0.275	0.006	0.0314637	3	1.67795	4	
0.276	0.006	0.0361957	3	1.67528	4	
0.277	0.006	0.0409278	3	1.67262	4	
0.278	0.006	0.0456598	3	1.66996	4	
0.279	0.006	0.0503918	3	1.66729	4	
0.28	0.006	0.0551238	3	1.66463	4	

0.26	0.008	0.0350779	3	1.72096	4	
0.261	0.008	0.0303459	3	1.71828	4	
0.262	0.008	0.0256139	3	1.71559	4	
0.263	0.008	0.0208819	3	1.71291	4	
0.264	0.008	0.0161499	3	1.71024	4	
0.265	0.008	0.0114179	3	1.70756	4	
0.266	0.008	0.00668587	3	1.70488	4	
0.267	0.008	0.00195386	3	1.70221	4	
0.268	0.008	0.00229366	3	1.69953	4	
0.269	0.008	0.00243834	3	1.69686	4	
0.27	0.008	0.00717035	3	1.69419	4	
0.271	0.008	0.0119024	3	1.69152	4	
0.272	0.008	0.0166344	3	1.68885	4	
0.273	0.008	0.0213664	3	1.68618	4	
0.274	0.008	0.0260984	3	1.68351	4	
0.275	0.008	0.0308304	3	1.68084	4	
0.276	0.008	0.0355624	3	1.67818	4	
0.277	0.008	0.0402944	3	1.67552	4	
0.278	0.008	0.0450264	3	1.67285	4	
0.279	0.008	0.0497584	3	1.67019	4	
0.28	0.008	0.0544904	3	1.66753	4	

0.26	0.01	0.0344427	3	1.72385	4	
0.261	0.01	0.0297107	3	1.72117	4	
0.262	0.01	0.0249788	3	1.71848	4	
0.263	0.01	0.0202468	3	1.7158	4	
0.264	0.01	0.0155148	3	1.71313	4	
0.265	0.01	0.0107828	3	1.71045	4	
0.266	0.01	0.00605081	3	1.70777	4	
0.267	0.01	0.00131883	3	1.7051	4	
0.268	0.01	0.00292663	3	1.70242	4	
0.269	0.01	0.00180536	3	1.69975	4	
0.27	0.01	0.00653734	3	1.69708	4	
0.271	0.01	0.0112693	3	1.69441	4	
0.272	0.01	0.0160013	3	1.69174	4	
0.273	0.01	0.0207333	3	1.68907	4	
0.274	0.01	0.0254653	3	1.6864	4	
0.275	0.01	0.0301973	3	1.68374	4	
0.276	0.01	0.0349292	3	1.68107	4	
0.277	0.01	0.0396612	3	1.67841	4	
0.278	0.01	0.0443932	3	1.67575	4	
0.279	0.01	0.0491252	3	1.67309	4	
0.28	0.01	0.0538572	3	1.67043	4	

0.26	0.012	0.0338073	3	1.72674	4	
0.261	0.012	0.0290753	3	1.72405	4	
0.262	0.012	0.0243433	3	1.72137	4	
0.263	0.012	0.0196114	3	1.71869	4	
0.264	0.012	0.0148794	3	1.71602	4	
0.265	0.012	0.0101475	3	1.71334	4	
0.266	0.012	0.00541551	3	1.71066	4	
0.267	0.012	0.000683558	3	1.70799	4	
0.268	0.012	0.00355936	3	1.70532	4	
0.269	0.012	0.00117259	3	1.70264	4	
0.27	0.012	0.00590455	3	1.69997	4	
0.271	0.012	0.0106365	3	1.6973	4	
0.272	0.012	0.0153685	3	1.69463	4	
0.273	0.012	0.0201004	3	1.69197	4	
0.274	0.012	0.0248324	3	1.6893	4	
0.275	0.012	0.0295643	3	1.68663	4	
0.276	0.012	0.0342963	3	1.68397	4	
0.277	0.012	0.0390282	3	1.68131	4	
0.278	0.012	0.0437602	3	1.67865	4	
0.279	0.012	0.0484921	3	1.67598	4	
0.28	0.012	0.0532241	3	1.67333	4	

0.26	0.014	0.0331715	3	1.72962	4	
0.261	0.014	0.0284396	3	1.72694	4	
0.262	0.014	0.0237077	3	1.72426	4	
0.263	0.014	0.0189757	3	1.72158	4	
0.264	0.014	0.0142438	3	1.71891	4	
0.265	0.014	0.0095119	3	1.71623	4	
0.266	0.014	0.00477997	3	1.71355	4	
0.267	0.014	4.8052e-05	4	1.71088	4	
0.268	0.014	0.00419188	3	1.70821	4	
0.269	0.014	0.000540044	4	1.70553	4	
0.27	0.014	0.00527196	3	1.70286	4	
0.271	0.014	0.0100039	3	1.70019	4	
0.272	0.014	0.0147358	3	1.69753	4	
0.273	0.014	0.0194677	3	1.69486	4	
0.274	0.014	0.0241996	3	1.69219	4	
0.275	0.014	0.0289316	3	1.68953	4	
0.276	0.014	0.0336635	3	1.68686	4	
0.277	0.014	0.0383954	3	1.6842	4	
0.278	0.014	0.0431273	3	1.68154	4	
0.279	0.014	0.0478592	3	1.67888	4	
0.28	0.014	0.0525911	3	1.67622	4	

0.26	0.016	0.0325355	3	1.73251	4	
0.261	0.016	0.0278036	3	1.72983	4	
0.262	0.016	0.0230717	3	1.72715	4	
0.263	0.016	0.0183398	3	1.72447	4	
0.264	0.016	0.013608	3	1.72179	4	
0.265	0.016	0.00887607	3	1.71912	4	
0.266	0.016	0.00928079	3	1.71644	4	
0.267	0.016	0.00454934	3	1.71377	4	
0.268	0.016	0.000182108	4	1.7111	4	
0.269	0.016	0.00491355	3	1.70843	4	
0.27	0.016	0.00964498	3	1.70576	4	
0.271	0.016	0.00937147	3	1.70309	4	
0.272	0.016	0.0141033	3	1.70042	4	
0.273	0.016	0.0188352	3	1.69775	4	
0.274	0.016	0.0235671	3	1.69509	4	
0.275	0.016	0.028299	3	1.69242	4	
0.276	0.016	0.0330309	3	1.68976	4	
0.277	0.016	0.0377627	3	1.6871	4	
0.278	0.016	0.0424946	3	1.68444	4	
0.279	0.016	0.0472265	3	1.68178	4	
0.28	0.016	0.0519583	3	1.67912	4	

0.26	0.018	0.0318992	3	1.7354	4	
0.261	0.018	0.0271674	3	1.73272	4	
0.262	0.018	0.0224355	3	1.73004	4	
0.263	0.018	0.0177037	3	1.72736	4	
0.264	0.018	0.0187586	3	1.72468	4	
0.265	0.018	0.0140273	3	1.72201	4	
0.266	0.018	0.00929596	3	1.71933	4	
0.267	0.018	0.00456467	3	1.71666	4	
0.268	0.018	0.000166618	4	1.71399	4	
0.269	0.018	0.0048979	3	1.71132	4	
0.27	0.018	0.00962917	3	1.70865	4	
0.271	0.018	0.0143604	3	1.70598	4	
0.272	0.018	0.0190917	3	1.70331	4	
0.273	0.018	0.0182029	3	1.70065	4	
0.274	0.018	0.0229348	3	1.69798	4	
0.275	0.018	0.0276666	3	1.69532	4	
0.276	0.018	0.0323984	3	1.69265	4	
0.277	0.018	0.0371302	3	1.68999	4	
0.278	0.018	0.0418621	3	1.68733	4	
0.279	0.018	0.0465939	3	1.68467	4	
0.28	0.018	0.0513257	3	1.68201	4	

0.26	0.02	0.0312626	3	1.73828	4	
0.261	0.02	0.0265308	3	1.7356	4	
0.262	0.02	0.021799	3	1.73293	4	
0.263	0.02	0.0235063	3	1.73025	4	
0.264	0.02	0.0187752	3	1.72757	4	
0.265	0.02	0.014044	3	1.7249	4	
0.266	0.02	0.00931291	3	1.72222	4	
0.267	0.02	0.0045818	3	1.71955	4	
0.268	0.02	0.000149305	3	1.71688	4	
0.269	0.02	0.0048804	3	1.71421	4	
0.27	0.02	0.00961149	3	1.71154	4	
0.271	0.02	0.0143426	3	1.70887	4	
0.272	0.02	0.0190736	3	1.7062	4	
0.273	0.02	0.0238047	3	1.70354	4	
0.274	0.02	0.0223026	3	1.70087	4	
0.275	0.02	0.0270344	3	1.69821	4	
0.276	0.02	0.0317662	3	1.69555	4	
0.277	0.02	0.0364979	3	1.69289	4	
0.278	0.02	0.0412297	3	1.69023	4	
0.279	0.02	0.0459615	3	1.68757	4	
0.28	0.02	0.0506932	3	1.68491	4	

0.26	0.022	0.0306258	3	1.74117	4	
0.261	0.022	0.025894	3	1.73849	4	
0.262	0.022	0.0282554	3	1.73581	4	
0.263	0.022	0.0235246	2	1.73314	4	
0.264	0.022	0.0187935	2	1.73046	4	
0.265	0.022	0.0140626	2	1.72779	4	
0.266	0.022	0.00933214	2	1.72511	4	
0.267	0.022	0.00460082	2	1.72244	4	
0.268	0.022	0.000130169	4	1.71977	4	
0.269	0.022	0.00486107	3	1.7171	4	
0.27	0.022	0.00959195	3	1.71443	4	
0.271	0.022	0.0143228	3	1.71176	4	
0.272	0.022	0.0190537	3	1.7091	4	
0.273	0.022	0.0237846	3	1.70643	4	
0.274	0.022	0.0285154	3	1.70377	4	
0.275	0.022	0.0264023	3	1.7011	4	
0.276	0.022	0.0311341	3	1.69844	4	
0.277	0.022	0.0358658	3	1.69578	4	
0.278	0.022	0.0405975	3	1.69312	4	
0.279	0.022	0.0453292	3	1.69046	4	
0.28	0.022	0.0500609	3	1.6878	4	

0.26	0.024	0.0299887	3	1.74406	4	
0.261	0.024	0.025257	3	1.74138	4	
0.262	0.024	0.0205253	3	1.7387	4	
0.263	0.024	0.0235443	3	1.73602	4	
0.264	0.024	0.0188136	3	1.73335	4	
0.265	0.024	0.0140829	3	1.73067	4	
0.266	0.024	0.00935218	3	1.728	4	
0.267	0.024	0.00462148	3	1.72533	4	
0.268	0.024	0.00010921	4	1.72266	4	
0.269	0.024	0.00483989	3	1.71999	4	
0.27	0.024	0.00957056	3	1.71732	4	
0.271	0.024	0.0143012	3	1.71465	4	
0.272	0.024	0.0190319	3	1.71199	4	
0.273	0.024	0.0163072	3	1.70932	4	
0.274	0.024	0.0210388	3	1.70666	4	
0.275	0.024	0.0257705	3	1.704	4	
0.276	0.024	0.0305022	3	1.70133	4	
0.277	0.024	0.0352338	3	1.69867	4	
0.278	0.024	0.0399655	3	1.69601	4	
0.279	0.024	0.0446971	3	1.69336	4	
0.28	0.024	0.0494287	3	1.6907	4	

0.26	0.026	0.0293512	3	1.74694	4	
0.261	0.026	0.0246196	3	1.74426	4	
0.262	0.026	0.019888	3	1.74159	4	
0.263	0.026	0.0151564	3	1.73891	4	
0.264	0.026	0.0104248	3	1.73624	4	
0.265	0.026	0.014105	3	1.73356	4	
0.266	0.026	0.00937449	3	1.73089	4	
0.267	0.026	0.00464402	3	1.72822	4	
0.268	0.026	8.64288e-05	4	1.72555	4	
0.269	0.026	0.00481687	3	1.72288	4	
0.27	0.026	0.0095473	3	1.72021	4	
0.271	0.026	0.0142777	3	1.71754	4	
0.272	0.026	0.0109441	3	1.71488	4	
0.273	0.026	0.0156756	3	1.71221	4	
0.274	0.026	0.0204072	3	1.70955	4	
0.275	0.026	0.0251388	3	1.70689	4	
0.276	0.026	0.0298704	3	1.70423	4	
0.277	0.026	0.034602	3	1.70157	4	
0.278	0.026	0.0393336	3	1.69891	4	
0.279	0.026	0.0440652	3	1.69625	4	
0.28	0.026	0.0487967	3	1.69359	4	

0.26	0.028	0.0287136	3	1.74983	4	
0.261	0.028	0.023982	3	1.74715	4	
0.262	0.028	0.0192505	3	1.74447	4	
0.263	0.028	0.0145189	3	1.7418	4	
0.264	0.028	0.00978737	3	1.73912	4	
0.265	0.028	0.00505583	3	1.73645	4	
0.266	0.028	0.000324294	4	1.73378	4	
0.267	0.028	0.00466837	3	1.73111	4	
0.268	0.028	6.18245e-05	4	1.72844	4	
0.269	0.028	0.00479201	3	1.72577	4	
0.27	0.028	0.000849727	4	1.7231	4	
0.271	0.028	0.00558126	3	1.72043	4	
0.272	0.028	0.0103128	3	1.71777	4	
0.273	0.028	0.0150443	3	1.7151	4	
0.274	0.028	0.0197758	3	1.71244	4	
0.275	0.028	0.0245073	3	1.70978	4	
0.276	0.028	0.0292389	3	1.70712	4	
0.277	0.028	0.0339704	3	1.70446	4	
0.278	0.028	0.0387019	3	1.7018	4	
0.279	0.028	0.0434334	3	1.69914	4	
0.28	0.028	0.0481649	3	1.69649	4	

0.26	0.03	0.0280756	3	1.75271	4	
0.261	0.03	0.0233441	3	1.75004	4	
0.262	0.03	0.0186126	3	1.74736	4	
0.263	0.03	0.0138812	3	1.74468	4	
0.264	0.03	0.00914969	3	1.74201	4	
0.265	0.03	0.00441823	3	1.73934	4	
0.266	0.03	0.000313228	4	1.73667	4	
0.267	0.03	0.00504468	3	1.73399	4	
0.268	0.03	3.53984e-05	3	1.73133	4	
0.269	0.03	0.00451265	3	1.72866	4	
0.27	0.03	0.000218804	4	1.72599	4	
0.271	0.03	0.00495026	3	1.72332	4	
0.272	0.03	0.00968171	3	1.72066	4	
0.273	0.03	0.0144132	3	1.718	4	
0.274	0.03	0.0191446	3	1.71533	4	
0.275	0.03	0.023876	3	1.71267	4	
0.276	0.03	0.0286075	3	1.71001	4	
0.277	0.03	0.0333389	3	1.70735	4	
0.278	0.03	0.0380703	3	1.70469	4	
0.279	0.03	0.0428017	3	1.70204	4	
0.28	0.03	0.0475332	3	1.69938	4	

0.26	0.032	0.0274373	3	1.7556	4	
0.261	0.032	0.0227059	3	1.75292	4	
0.262	0.032	0.0179745	3	1.75025	4	
0.263	0.032	0.0132431	3	1.74757	4	
0.264	0.032	0.00851176	3	1.7449	4	
0.265	0.032	0.00378037	4	1.74222	4	
0.266	0.032	0.000951001	4	1.73955	4	
0.267	0.032	0.00568237	3	1.73688	4	
0.268	0.032	0.00987467	3	1.73421	4	
0.269	0.032	0.00514329	3	1.73155	4	
0.27	0.032	0.000411915	4	1.72888	4	
0.271	0.032	0.00431946	3	1.72621	4	
0.272	0.032	0.00905082	3	1.72355	4	
0.273	0.032	0.0137822	3	1.72089	4	
0.274	0.032	0.0185135	3	1.71822	4	
0.275	0.032	0.0232449	3	1.71556	4	
0.276	0.032	0.0279762	3	1.7129	4	
0.277	0.032	0.0327076	3	1.71024	4	
0.278	0.032	0.0374389	3	1.70759	4	
0.279	0.032	0.0421703	3	1.70493	4	
0.28	0.032	0.0469016	3	1.70228	4	

0.26	0.034	0.0267988	3	1.75848	4	
0.261	0.034	0.0220675	3	1.75581	4	
0.262	0.034	0.0173362	3	1.75313	4	
0.263	0.034	0.0126049	3	1.75046	4	
0.264	0.034	0.00787355	3	1.74778	4	
0.265	0.034	0.00314226	3	1.74511	4	
0.266	0.034	0.00158903	3	1.74244	4	
0.267	0.034	0.00632031	3	1.73977	4	
0.268	0.034	0.010505	3	1.7371	4	
0.269	0.034	0.00577372	3	1.73443	4	
0.27	0.034	0.00104243	4	1.73177	4	
0.271	0.034	0.00368885	3	1.7291	4	
0.272	0.034	0.00842013	3	1.72644	4	
0.273	0.034	0.0131514	3	1.72378	4	
0.274	0.034	0.0178827	3	1.72111	4	
0.275	0.034	0.0226139	3	1.71845	4	
0.276	0.034	0.0273452	3	1.71579	4	
0.277	0.034	0.0320765	3	1.71314	4	
0.278	0.034	0.0368077	3	1.71048	4	
0.279	0.034	0.0415389	3	1.70782	4	
0.28	0.034	0.0462702	3	1.70517	4	

0.26	0.036	0.0261599	3	1.76137	4	
0.261	0.036	0.0214287	3	1.75869	4	
0.262	0.036	0.0166975	3	1.75602	4	
0.263	0.036	0.0119663	3	1.75334	4	
0.264	0.036	0.00723509	3	1.75067	4	
0.265	0.036	0.00250389	3	1.748	4	
0.266	0.036	0.00222731	3	1.74533	4	
0.267	0.036	0.0069585	3	1.74266	4	
0.268	0.036	0.0111351	3	1.73999	4	
0.269	0.036	0.00640394	3	1.73732	4	
0.27	0.036	0.00167274	4	1.73466	4	
0.271	0.036	0.00305845	3	1.73199	4	
0.272	0.036	0.00778964	3	1.72933	4	
0.273	0.036	0.0125208	3	1.72667	4	
0.274	0.036	0.017252	3	1.724	4	
0.275	0.036	0.0219832	3	1.72134	4	
0.276	0.036	0.0267143	3	1.71869	4	
0.277	0.036	0.0314455	3	1.71603	4	
0.278	0.036	0.0361766	3	1.71337	4	
0.279	0.036	0.0409078	3	1.71072	4	
0.28	0.036	0.0456389	3	1.70806	4	

0.26	0.038	0.0255208	3	1.76425	4	
0.261	0.038	0.0207897	3	1.76157	4	
0.262	0.038	0.0160586	3	1.7589	4	
0.263	0.038	0.0113275	3	1.75623	4	
0.264	0.038	0.00659636	3	1.75355	4	
0.265	0.038	0.00186525	3	1.75088	4	
0.266	0.038	0.00286584	3	1.74821	4	
0.267	0.038	0.00759693	3	1.74554	4	
0.268	0.038	8.85442e-05	4	1.74288	4	
0.269	0.038	0.00703396	3	1.74021	4	
0.27	0.038	0.00230286	4	1.73754	4	
0.271	0.038	0.00242824	3	1.73488	4	
0.272	0.038	0.00715933	3	1.73222	4	
0.273	0.038	0.0118904	3	1.72956	4	
0.274	0.038	0.0166215	3	1.72689	4	
0.275	0.038	0.0213526	3	1.72423	4	
0.276	0.038	0.0260836	3	1.72158	4	
0.277	0.038	0.0308147	3	1.71892	4	
0.278	0.038	0.0355457	3	1.71626	4	
0.279	0.038	0.0402768	3	1.71361	4	
0.28	0.038	0.0450078	3	1.71095	4	

0.26	0.04	0.0248814	3	1.76713	4	
0.261	0.04	0.0201504	3	1.76446	4	
0.262	0.04	0.0154194	3	1.76178	4	
0.263	0.04	0.0106884	3	1.75911	4	
0.264	0.04	0.00595736	3	1.75644	4	
0.265	0.04	0.00122636	3	1.75377	4	
0.266	0.04	0.00350463	3	1.7511	4	
0.267	0.04	0.00485235	3	1.74843	4	
0.268	0.04	0.000124088	4	1.74576	4	
0.269	0.04	0.00460415	3	1.7431	4	
0.27	0.04	0.00293277	3	1.74043	4	
0.271	0.04	0.00179822	3	1.73777	4	
0.272	0.04	0.00652921	3	1.73511	4	
0.273	0.04	0.0112602	3	1.73244	4	
0.274	0.04	0.0159912	3	1.72978	4	
0.275	0.04	0.0207221	3	1.72712	4	
0.276	0.04	0.0254531	3	1.72447	4	
0.277	0.04	0.030184	3	1.72181	4	
0.278	0.04	0.034915	3	1.71915	4	
0.279	0.04	0.0396459	3	1.7165	4	
0.28	0.04	0.0443768	3	1.71385	4	

0.26	0.042	0.0242417	3	1.77002	4	
0.261	0.042	0.0195108	3	1.76734	4	
0.262	0.042	0.0147799	3	1.76467	4	
0.263	0.042	0.010049	3	1.762	4	
0.264	0.042	0.00531809	3	1.75932	4	
0.265	0.042	0.000587202	4	1.75665	4	
0.266	0.042	0.00414368	3	1.75398	4	
0.267	0.042	0.00488933	3	1.75132	4	
0.268	0.042	0.000161456	4	1.74865	4	
0.269	0.042	0.00456639	3	1.74598	4	
0.27	0.042	0.00356248	3	1.74332	4	
0.271	0.042	0.0011684	3	1.74066	4	
0.272	0.042	0.00589928	3	1.73799	4	
0.273	0.042	0.0106302	3	1.73533	4	
0.274	0.042	0.015361	3	1.73267	4	
0.275	0.042	0.0200919	3	1.73001	4	
0.276	0.042	0.0248227	3	1.72736	4	
0.277	0.042	0.0295536	3	1.7247	4	
0.278	0.042	0.0342844	3	1.72205	4	
0.279	0.042	0.0390152	3	1.71939	4	
0.28	0.042	0.043746	3	1.71674	4	

0.26	0.044	0.0236018	2	1.7729	4	
0.261	0.044	0.0188709	2	1.77023	4	
0.262	0.044	0.0141403	2	1.76755	4	
0.263	0.044	0.00940953	2	1.76488	4	
0.264	0.044	0.00467856	3	1.76221	4	
0.265	0.044	5.22174e-05	4	1.75954	4	
0.266	0.044	0.00478299	3	1.75687	4	
0.267	0.044	0.00492812	3	1.7542	4	
0.268	0.044	0.000200647	3	1.75154	4	
0.269	0.044	0.00452679	3	1.74887	4	
0.27	0.044	0.00419245	2	1.74621	4	
0.271	0.044	0.000538778	3	1.74354	4	
0.272	0.044	0.00526954	3	1.74088	4	
0.273	0.044	0.0100003	3	1.73822	4	
0.274	0.044	0.014731	3	1.73556	4	
0.275	0.044	0.0194618	3	1.7329	4	
0.276	0.044	0.0241925	3	1.73025	4	
0.277	0.044	0.0289232	3	1.72759	4	
0.278	0.044	0.0336539	3	1.72494	4	
0.279	0.044	0.0383846	3	1.72228	4	
0.28	0.044	0.0431153	3	1.71963	4	

0.26	0.046	0.0229615	3	1.77578	4	
0.261	0.046	0.0182308	3	1.77153	4	
0.262	0.046	0.0135001	3	1.76886	4	
0.263	0.046	0.00876942	3	1.76619	4	
0.264	0.046	0.00403876	3	1.76353	4	
0.265	0.046	0.000691901	4	1.76086	4	
0.266	0.046	0.00542255	3	1.7582	4	
0.267	0.046	0.00496871	3	1.75553	4	
0.268	0.046	0.000241663	4	1.75287	4	
0.269	0.046	0.00448534	3	1.75021	4	
0.27	0.046	0.00482131	3	1.74755	4	
0.271	0.046	9.06562e-05	4	1.74489	4	
0.272	0.046	0.00463999	3	1.74223	4	
0.273	0.046	0.00937063	3	1.73958	4	
0.274	0.046	0.0141013	3	1.73692	4	
0.275	0.046	0.0188319	3	1.73427	4	
0.276	0.046	0.0235625	3	1.73162	4	
0.277	0.046	0.0282931	3	1.72896	4	
0.278	0.046	0.0330237	3	1.72631	4	
0.279	0.046	0.0377542	3	1.72366	4	
0.28	0.046	0.0424848	3	1.72102	4	

0.26	0.048	0.0223209	3	1.7771	4	
0.261	0.048	0.0175903	3	1.77443	4	
0.262	0.048	0.0128598	3	1.77176	4	
0.263	0.048	0.00812923	3	1.7691	4	
0.264	0.048	0.00339868	3	1.76643	4	
0.265	0.048	0.00133185	3	1.76376	4	
0.266	0.048	0.00606237	3	1.7611	4	
0.267	0.048	0.0050111	3	1.75844	4	
0.268	0.048	0.000284502	4	1.75577	4	
0.269	0.048	0.00444206	3	1.75311	4	
0.27	0.048	0.00545043	3	1.75045	4	
0.271	0.048	0.000719898	3	1.7478	4	
0.272	0.048	0.00401063	4	1.74514	4	
0.273	0.048	0.00874114	3	1.74248	4	
0.274	0.048	0.0134716	3	1.73983	4	
0.275	0.048	0.0182021	3	1.73718	4	
0.276	0.048	0.0229326	3	1.73452	4	
0.277	0.048	0.0276631	3	1.73187	4	
0.278	0.048	0.0323935	3	1.72922	4	
0.279	0.048	0.037124	3	1.72657	4	
0.28	0.048	0.0418544	3	1.72393	4	

0.26	0.05	0.0216801	3	1.78	4	
0.261	0.05	0.0169496	3	1.77733	4	
0.262	0.05	0.0122192	3	1.77466	4	
0.263	0.05	0.00748875	3	1.772	4	
0.264	0.05	0.00275834	4	1.76933	4	
0.265	0.05	0.00197206	3	1.76667	4	
0.266	0.05	0.00670245	3	1.764	4	
0.267	0.05	0.0050553	3	1.76134	4	
0.268	0.05	0.000329166	4	1.75868	4	
0.269	0.05	0.00439692	3	1.75602	4	
0.27	0.05	0.00607936	3	1.75336	4	
0.271	0.05	0.00134895	3	1.7507	4	
0.272	0.05	0.00338145	4	1.74805	4	
0.273	0.05	0.00811183	3	1.74539	4	
0.274	0.05	0.0128422	3	1.74274	4	
0.275	0.05	0.0175726	3	1.74008	4	
0.276	0.05	0.0223029	3	1.73743	4	
0.277	0.05	0.0270333	3	1.73478	4	
0.278	0.05	0.0317636	3	1.73213	4	
0.279	0.05	0.0364939	3	1.72948	4	
0.28	0.05	0.0412242	3	1.72684	4	

0.26	0.052	0.0210389	3	1.7829	4	
0.261	0.052	0.0163086	3	1.78023	4	
0.262	0.052	0.0115783	3	1.77757	4	
0.263	0.052	0.006848	3	1.7749	4	
0.264	0.052	0.00211772	3	1.77223	4	
0.265	0.052	0.00261255	3	1.76957	4	
0.266	0.052	0.0073428	3	1.76691	4	
0.267	0.052	0.012073	3	1.76424	4	
0.268	0.052	0.000375655	4	1.76158	4	
0.269	0.052	0.0114384	3	1.75892	4	
0.27	0.052	0.00670808	3	1.75626	4	
0.271	0.052	0.00197781	3	1.75361	4	
0.272	0.052	0.00275245	4	1.75095	4	
0.273	0.052	0.0074827	3	1.7483	4	
0.274	0.052	0.0122129	3	1.74564	4	
0.275	0.052	0.0169432	3	1.74299	4	
0.276	0.052	0.0216734	3	1.74034	4	
0.277	0.052	0.0264036	3	1.73769	4	
0.278	0.052	0.0311338	3	1.73504	4	
0.279	0.052	0.0358639	3	1.73239	4	
0.28	0.052	0.0405941	3	1.72974	4	

0.26	0.054	0.0203975	3	1.7858	4	
0.261	0.054	0.0156673	3	1.78313	4	
0.262	0.054	0.0109371	3	1.78047	4	
0.263	0.054	0.00620697	3	1.7778	4	
0.264	0.054	0.00147683	3	1.77513	4	
0.265	0.054	0.00325329	3	1.77247	4	
0.266	0.054	0.00798341	3	1.76981	4	
0.267	0.054	0.0127135	3	1.76715	4	
0.268	0.054	0.000423968	3	1.76449	4	
0.269	0.054	0.0120668	3	1.76183	4	
0.27	0.054	0.00733662	3	1.75917	4	
0.271	0.054	0.00260648	3	1.75651	4	
0.272	0.054	0.00212364	4	1.75386	4	
0.273	0.054	0.00685375	3	1.7512	4	
0.274	0.054	0.0115838	3	1.74855	4	
0.275	0.054	0.0163139	3	1.7459	4	
0.276	0.054	0.021044	3	1.74325	4	
0.277	0.054	0.0257741	3	1.7406	4	
0.278	0.054	0.0305041	3	1.73795	4	
0.279	0.054	0.0352341	3	1.7353	4	
0.28	0.054	0.0399641	3	1.73265	4	

0.26	0.056	0.0197557	3	1.7887	4	
0.261	0.056	0.0150257	3	1.78603	4	
0.262	0.056	0.0102957	3	1.78337	4	
0.263	0.056	0.00556565	3	1.7807	4	
0.264	0.056	0.000835664	3	1.77804	4	
0.265	0.056	0.00389431	4	1.77537	4	
0.266	0.056	0.00862428	3	1.77271	4	
0.267	0.056	0.0133542	3	1.77005	4	
0.268	0.056	0.000474106	4	1.76739	4	
0.269	0.056	0.012695	3	1.76473	4	
0.27	0.056	0.00796496	3	1.76207	4	
0.271	0.056	0.00323496	3	1.75942	4	
0.272	0.056	0.00149502	4	1.75676	4	
0.273	0.056	0.00622498	3	1.75411	4	
0.274	0.056	0.0109549	3	1.75145	4	
0.275	0.056	0.0156849	3	1.7488	4	
0.276	0.056	0.0204148	3	1.74615	4	
0.277	0.056	0.0251447	3	1.7435	4	
0.278	0.056	0.0298746	3	1.74085	4	
0.279	0.056	0.0346045	3	1.73821	4	
0.28	0.056	0.0393343	3	1.73556	4	

0.26	0.058	0.0191137	3	1.7916	4	
0.261	0.058	0.0143838	3	1.78893	4	
0.262	0.058	0.00965392	3	1.78627	4	
0.263	0.058	0.00492406	3	1.7836	4	
0.264	0.058	0.000194224	4	1.78094	4	
0.265	0.058	0.0045356	3	1.77827	4	
0.266	0.058	0.00926541	3	1.77561	4	
0.267	0.058	0.00525016	3	1.77295	4	
0.268	0.058	0.000526069	3	1.77029	4	
0.269	0.058	0.00419796	3	1.76763	4	
0.27	0.058	0.0085931	3	1.76498	4	
0.271	0.058	0.00386326	3	1.76232	4	
0.272	0.058	0.000866571	4	1.75967	4	
0.273	0.058	0.00559639	3	1.75701	4	
0.274	0.058	0.0103262	3	1.75436	4	
0.275	0.058	0.015056	3	1.75171	4	
0.276	0.058	0.0197857	3	1.74906	4	
0.277	0.058	0.0245155	3	1.74641	4	
0.278	0.058	0.0292452	3	1.74376	4	
0.279	0.058	0.033975	3	1.74112	4	
0.28	0.058	0.0387047	3	1.73847	4	

0.26	0.06	0.0184713	3	1.7945	4	
0.261	0.06	0.0137416	3	1.79183	4	
0.262	0.06	0.00901189	3	1.78917	4	
0.263	0.06	0.00428219	3	1.7865	4	
0.264	0.06	0.000447493	4	1.78384	4	
0.265	0.06	0.00517716	3	1.78118	4	
0.266	0.06	0.010027	3	1.77851	4	
0.267	0.06	0.00530339	3	1.77585	4	
0.268	0.06	0.000579857	3	1.77319	4	
0.269	0.06	0.00414361	3	1.77054	4	
0.27	0.06	0.00886701	3	1.76788	4	
0.271	0.06	0.00449137	3	1.76522	4	
0.272	0.06	0.000238309	4	1.76257	4	
0.273	0.06	0.00496797	3	1.75992	4	
0.274	0.06	0.00969761	3	1.75726	4	
0.275	0.06	0.0144272	3	1.75461	4	
0.276	0.06	0.0191569	3	1.75196	4	
0.277	0.06	0.0238864	3	1.74932	4	
0.278	0.06	0.028616	3	1.74667	4	
0.279	0.06	0.0333456	3	1.74402	4	
0.28	0.06	0.0380751	3	1.74138	4	

0.26	0.062	0.0178287	3	1.7974	4	
0.261	0.062	0.0130991	3	1.79473	4	
0.262	0.062	0.00836957	3	1.79207	4	
0.263	0.062	0.00364003	3	1.7894	4	
0.264	0.062	0.00108949	4	1.78674	4	
0.265	0.062	0.0148045	3	1.78408	4	
0.266	0.062	0.0100814	3	1.78141	4	
0.267	0.062	0.00535842	3	1.77876	4	
0.268	0.062	0.000635471	4	1.7761	4	
0.269	0.062	0.00408741	3	1.77344	4	
0.27	0.062	0.00881023	3	1.77078	4	
0.271	0.062	0.013533	3	1.76813	4	
0.272	0.062	0.000389772	4	1.76547	4	
0.273	0.062	0.00433973	3	1.76282	4	
0.274	0.062	0.00906921	3	1.76017	4	
0.275	0.062	0.0137987	3	1.75752	4	
0.276	0.062	0.0185281	3	1.75487	4	
0.277	0.062	0.0232576	3	1.75222	4	
0.278	0.062	0.027987	3	1.74957	4	
0.279	0.062	0.0327164	3	1.74693	4	
0.28	0.062	0.0374457	3	1.74428	4	

0.26	0.064	0.0171857	3	1.8003	4	
0.261	0.064	0.0124563	3	1.79763	4	
0.262	0.064	0.00772696	3	1.79497	4	
0.263	0.064	0.00299759	3	1.7923	4	
0.264	0.064	0.00173176	3	1.78964	4	
0.265	0.064	0.0148602	3	1.78698	4	
0.266	0.064	0.0101377	3	1.78432	4	
0.267	0.064	0.00541527	3	1.78166	4	
0.268	0.064	0.00069291	4	1.779	4	
0.269	0.064	0.00402937	3	1.77634	4	
0.27	0.064	0.00875158	3	1.77369	4	
0.271	0.064	0.0134737	3	1.77103	4	
0.272	0.064	0.00101767	4	1.76838	4	
0.273	0.064	0.00371166	3	1.76572	4	
0.274	0.064	0.00844098	3	1.76307	4	
0.275	0.064	0.0131703	3	1.76042	4	
0.276	0.064	0.0178996	3	1.75777	4	
0.277	0.064	0.0226288	3	1.75513	4	
0.278	0.064	0.0273581	3	1.75248	4	
0.279	0.064	0.0320873	3	1.74984	4	
0.28	0.064	0.0368165	3	1.74719	4	

0.26	0.066	0.0165425	3	1.80319	4	
0.261	0.066	0.0118133	3	1.80053	4	
0.262	0.066	0.00708406	3	1.79786	4	
0.263	0.066	0.00235487	3	1.7952	4	
0.264	0.066	0.00237431	4	1.79254	4	
0.265	0.066	0.0149177	2	1.78988	4	
0.266	0.066	0.0101959	2	1.78722	4	
0.267	0.066	0.00547392	3	1.78456	4	
0.268	0.066	0.000752175	3	1.7819	4	
0.269	0.066	0.00396949	3	1.77924	4	
0.27	0.066	0.00869107	3	1.77659	4	
0.271	0.066	0.0134126	3	1.77393	4	
0.272	0.066	0.018134	3	1.77128	4	
0.273	0.066	0.00308377	3	1.76863	4	
0.274	0.066	0.00781292	3	1.76598	4	
0.275	0.066	0.012542	3	1.76333	4	
0.276	0.066	0.0172712	3	1.76068	4	
0.277	0.066	0.0220002	3	1.75803	4	
0.278	0.066	0.0267293	3	1.75539	4	
0.279	0.066	0.0314583	3	1.75274	4	
0.28	0.066	0.0361874	3	1.7501	4	

0.26	0.068	0.015899	3	1.80609	4	
0.261	0.068	0.0111699	3	1.80343	4	
0.262	0.068	0.00644087	3	1.80076	4	
0.263	0.068	0.00171185	3	1.7981	4	
0.264	0.068	0.00301714	3	1.79544	4	
0.265	0.068	0.0149768	3	1.79278	4	
0.266	0.068	0.0102556	3	1.79012	4	
0.267	0.068	0.00553437	3	1.78746	4	
0.268	0.068	0.000813266	3	1.7848	4	
0.269	0.068	0.00390776	3	1.78214	4	
0.27	0.068	0.00862869	3	1.77949	4	
0.271	0.068	0.0133495	3	1.77684	4	
0.272	0.068	0.00227294	3	1.77418	4	
0.273	0.068	0.00245605	3	1.77153	4	
0.274	0.068	0.00718502	3	1.76888	4	
0.275	0.068	0.011914	3	1.76623	4	
0.276	0.068	0.0166429	3	1.76358	4	
0.277	0.068	0.0213718	3	1.76094	4	
0.278	0.068	0.0261007	3	1.75829	4	
0.279	0.068	0.0308296	3	1.75565	4	
0.28	0.068	0.0355584	3	1.753	4	

0.26	0.07	0.0152551	3	1.80899	4	
0.261	0.07	0.0105262	3	1.80632	4	
0.262	0.07	0.00579739	3	1.80366	4	
0.263	0.07	0.00106856	4	1.801	4	
0.264	0.07	0.00366026	3	1.79834	4	
0.265	0.07	0.0150378	3	1.79568	4	
0.266	0.07	0.0103172	3	1.79302	4	
0.267	0.07	0.00559664	3	1.79036	4	
0.268	0.07	0.000876184	4	1.7877	4	
0.269	0.07	0.00384418	3	1.78505	4	
0.27	0.07	0.00856445	3	1.78239	4	
0.271	0.07	0.0132846	3	1.77974	4	
0.272	0.07	0.0029003	3	1.77709	4	
0.273	0.07	0.00182851	3	1.77443	4	
0.274	0.07	0.0065573	3	1.77178	4	
0.275	0.07	0.0112861	3	1.76914	4	
0.276	0.07	0.0160148	3	1.76649	4	
0.277	0.07	0.0207435	3	1.76384	4	
0.278	0.07	0.0254722	3	1.7612	4	
0.279	0.07	0.0302009	3	1.75855	4	
0.28	0.07	0.0349296	3	1.75591	4	

0.26	0.072	0.014611	3	1.81189	4	
0.261	0.072	0.00988228	3	1.80922	4	
0.262	0.072	0.00515362	3	1.80656	4	
0.263	0.072	0.000424971	4	1.8039	4	
0.264	0.072	0.00430365	3	1.80123	4	
0.265	0.072	0.00903225	3	1.79857	4	
0.266	0.072	0.0103806	3	1.79592	4	
0.267	0.072	0.00566071	3	1.79326	4	
0.268	0.072	0.000940928	4	1.7906	4	
0.269	0.072	0.00377876	3	1.78795	4	
0.27	0.072	0.00849835	3	1.78529	4	
0.271	0.072	0.00825614	3	1.78264	4	
0.272	0.072	0.00352749	3	1.77999	4	
0.273	0.072	0.00120114	4	1.77734	4	
0.274	0.072	0.00592974	3	1.77469	4	
0.275	0.072	0.0106583	3	1.77204	4	
0.276	0.072	0.0153869	3	1.76939	4	
0.277	0.072	0.0201154	3	1.76675	4	
0.278	0.072	0.0248439	3	1.7641	4	
0.279	0.072	0.0295724	3	1.76146	4	
0.28	0.072	0.0343009	3	1.75882	4	

0.26	0.074	0.0139665	3	1.81478	4	
0.261	0.074	0.00923802	3	1.81212	4	
0.262	0.074	0.00450955	3	1.80945	4	
0.263	0.074	0.000218904	4	1.80679	4	
0.264	0.074	0.00494733	3	1.80413	4	
0.265	0.074	0.00967573	3	1.80147	4	
0.266	0.074	0.0104458	3	1.79881	4	
0.267	0.074	0.00572659	3	1.79616	4	
0.268	0.074	0.0010075	4	1.7935	4	
0.269	0.074	0.00371149	3	1.79085	4	
0.27	0.074	0.00843038	3	1.78819	4	
0.271	0.074	0.00888296	3	1.78554	4	
0.272	0.074	0.0041545	3	1.78289	4	
0.273	0.074	0.000573934	4	1.78024	4	
0.274	0.074	0.00530235	3	1.77759	4	
0.275	0.074	0.0100307	3	1.77494	4	
0.276	0.074	0.0147591	3	1.7723	4	
0.277	0.074	0.0194874	3	1.76965	4	
0.278	0.074	0.0242157	3	1.76701	4	
0.279	0.074	0.028944	3	1.76436	4	
0.28	0.074	0.0336723	3	1.76172	4	

0.26	0.076	0.0133218	3	1.81768	4	
0.261	0.076	0.00859345	3	1.81501	4	
0.262	0.076	0.00386518	3	1.81235	4	
0.263	0.076	0.000863068	3	1.80969	4	
0.264	0.076	0.00559129	3	1.80703	4	
0.265	0.076	0.0103195	3	1.80437	4	
0.266	0.076	0.0150477	3	1.80171	4	
0.267	0.076	0.00579427	3	1.79906	4	
0.268	0.076	0.0010759	3	1.7964	4	
0.269	0.076	0.00364238	3	1.79375	4	
0.27	0.076	0.0142379	3	1.79109	4	
0.271	0.076	0.00950961	3	1.78844	4	
0.272	0.076	0.00478134	3	1.78579	4	
0.273	0.076	5.30978e-05	4	1.78314	4	
0.274	0.076	0.00467512	3	1.78049	4	
0.275	0.076	0.00940331	3	1.77784	4	
0.276	0.076	0.0141315	3	1.7752	4	
0.277	0.076	0.0188596	3	1.77255	4	
0.278	0.076	0.0235877	3	1.76991	4	
0.279	0.076	0.0283158	3	1.76727	4	
0.28	0.076	0.0330439	3	1.76463	4	

0.26	0.078	0.0126767	3	1.82057	4	
0.261	0.078	0.00794859	3	1.81791	4	
0.262	0.078	0.00322052	3	1.81525	4	
0.263	0.078	0.00150752	3	1.81259	4	
0.264	0.078	0.00623554	3	1.80993	4	
0.265	0.078	0.0109635	3	1.80727	4	
0.266	0.078	0.0156915	3	1.80461	4	
0.267	0.078	0.00586377	3	1.80195	4	
0.268	0.078	0.00114612	4	1.7993	4	
0.269	0.078	0.00357142	3	1.79665	4	
0.27	0.078	0.0148642	3	1.79399	4	
0.271	0.078	0.0101361	3	1.79134	4	
0.272	0.078	0.005408	3	1.78869	4	
0.273	0.078	0.00067996	4	1.78604	4	
0.274	0.078	0.00404806	3	1.78339	4	
0.275	0.078	0.00877604	3	1.78075	4	
0.276	0.078	0.013504	3	1.7781	4	
0.277	0.078	0.0182319	3	1.77546	4	
0.278	0.078	0.0229598	3	1.77281	4	
0.279	0.078	0.0276877	3	1.77017	4	
0.28	0.078	0.0324156	3	1.76753	4	

0.26	0.08	0.0120313	3	1.82347	4	
0.261	0.08	0.00730342	3	1.82081	4	
0.262	0.08	0.00257556	3	1.81814	4	
0.263	0.08	0.00215227	4	1.81548	4	
0.264	0.08	0.00688007	3	1.81282	4	
0.265	0.08	0.0116078	3	1.81017	4	
0.266	0.08	0.0163356	3	1.80751	4	
0.267	0.08	0.00593507	3	1.80485	4	
0.268	0.08	0.00121817	3	1.8022	4	
0.269	0.08	0.00349861	3	1.79954	4	
0.27	0.08	0.00821527	3	1.79689	4	
0.271	0.08	0.0107624	3	1.79424	4	
0.272	0.08	0.00603449	3	1.79159	4	
0.273	0.08	0.00130665	4	1.78894	4	
0.274	0.08	0.00342116	3	1.78629	4	
0.275	0.08	0.00814894	3	1.78365	4	
0.276	0.08	0.0128767	3	1.781	4	
0.277	0.08	0.0176044	3	1.77836	4	
0.278	0.08	0.0223321	3	1.77572	4	
0.279	0.08	0.0270598	3	1.77307	4	
0.28	0.08	0.0317874	3	1.77043	4	

0.26	0.082	0.0113856	3	1.82636	4	
0.261	0.082	0.00665794	3	1.8237	4	
0.262	0.082	0.0019303	3	1.82104	4	
0.263	0.082	0.00279731	3	1.81838	4	
0.264	0.082	0.00752489	3	1.81572	4	
0.265	0.082	0.0122524	3	1.81306	4	
0.266	0.082	0.0107244	3	1.81041	4	
0.267	0.082	0.00600819	3	1.80775	4	
0.268	0.082	0.00129205	3	1.8051	4	
0.269	0.082	0.00342395	4	1.80244	4	
0.27	0.082	0.00813984	3	1.79979	4	
0.271	0.082	0.0113885	3	1.79714	4	
0.272	0.082	0.00666081	3	1.79449	4	
0.273	0.082	0.00193318	3	1.79184	4	
0.274	0.082	0.00279442	3	1.7892	4	
0.275	0.082	0.00752199	3	1.78655	4	
0.276	0.082	0.0122495	3	1.7839	4	
0.277	0.082	0.016977	3	1.78126	4	
0.278	0.082	0.0217045	3	1.77862	4	
0.279	0.082	0.0264319	3	1.77598	4	
0.28	0.082	0.0311594	3	1.77334	4	

0.26	0.084	0.0107396	3	1.82926	4	
0.261	0.084	0.00601217	3	1.8266	4	
0.262	0.084	0.00128475	4	1.82394	4	
0.263	0.084	0.00344264	3	1.82128	4	
0.264	0.084	0.00817	3	1.81862	4	
0.265	0.084	0.0128973	3	1.81596	4	
0.266	0.084	0.0107986	3	1.8133	4	
0.267	0.084	0.00608311	3	1.81065	4	
0.268	0.084	0.00136776	4	1.80799	4	
0.269	0.084	0.00334745	3	1.80534	4	
0.27	0.084	0.00806254	3	1.80269	4	
0.271	0.084	0.0120144	3	1.80004	4	
0.272	0.084	0.00728695	3	1.79739	4	
0.273	0.084	0.00255954	3	1.79474	4	
0.274	0.084	0.00216784	4	1.7921	4	
0.275	0.084	0.00689519	3	1.78945	4	
0.276	0.084	0.0116225	3	1.78681	4	
0.277	0.084	0.0163498	3	1.78416	4	
0.278	0.084	0.0210771	3	1.78152	4	
0.279	0.084	0.0258043	3	1.77888	4	
0.28	0.084	0.0305315	3	1.77624	4	

0.26	0.086	0.0100933	3	1.83215	4	
0.261	0.086	0.00536608	3	1.82949	4	
0.262	0.086	0.000638888	4	1.82683	4	
0.263	0.086	0.00408827	3	1.82417	4	
0.264	0.086	0.0088154	3	1.82151	4	
0.265	0.086	0.0135425	3	1.81886	4	
0.266	0.086	0.0108745	3	1.8162	4	
0.267	0.086	0.00615984	3	1.81355	4	
0.268	0.086	0.0014453	4	1.81089	4	
0.269	0.086	0.0032691	3	1.80824	4	
0.27	0.086	0.00798337	3	1.80559	4	
0.271	0.086	0.0126402	3	1.80294	4	
0.272	0.086	0.00791292	3	1.80029	4	
0.273	0.086	0.00318573	3	1.79764	4	
0.274	0.086	0.00154143	4	1.795	4	
0.275	0.086	0.00626856	3	1.79235	4	
0.276	0.086	0.0109957	3	1.78971	4	
0.277	0.086	0.0157227	3	1.78706	4	
0.278	0.086	0.0204497	3	1.78442	4	
0.279	0.086	0.0251767	3	1.78178	4	
0.28	0.086	0.0299037	3	1.77914	4	

0.26	0.088	0.00944668	3	1.83505	4	
0.261	0.088	0.00471969	3	1.83239	4	
0.262	0.088	7.27096e-06	4	1.82973	4	
0.263	0.088	0.0047342	3	1.82707	4	
0.264	0.088	0.00946109	3	1.82441	4	
0.265	0.088	0.0141879	3	1.82175	4	
0.266	0.088	0.0109522	2	1.8191	4	
0.267	0.088	0.00623838	3	1.81644	4	
0.268	0.088	0.00152467	3	1.81379	4	
0.269	0.088	0.00318891	3	1.81114	4	
0.27	0.088	0.00790233	3	1.80849	4	
0.271	0.088	0.0126156	3	1.80584	4	
0.272	0.088	0.00853874	2	1.80319	4	
0.273	0.088	0.00381251	2	1.80054	4	
0.274	0.088	0.000915179	4	1.7979	4	
0.275	0.088	0.00564208	3	1.79525	4	
0.276	0.088	0.0103689	3	1.79261	4	
0.277	0.088	0.0150958	3	1.78997	4	
0.278	0.088	0.0198226	3	1.78732	4	
0.279	0.088	0.0245493	3	1.78468	4	
0.28	0.088	0.029276	3	1.77997	4	

0.26	0.09	0.00879975	3	1.83794	4	
0.261	0.09	0.00407299	3	1.83528	4	
0.262	0.09	0.000653733	3	1.83262	4	
0.263	0.09	0.00538042	3	1.82996	4	
0.264	0.09	0.0101071	3	1.8273	4	
0.265	0.09	0.0148337	3	1.82465	4	
0.266	0.09	0.0110317	3	1.82199	4	
0.267	0.09	0.00631873	3	1.81934	4	
0.268	0.09	0.00160586	3	1.81669	4	
0.269	0.09	0.00310686	4	1.81404	4	
0.27	0.09	0.00781943	3	1.81139	4	
0.271	0.09	0.0125319	3	1.80662	4	
0.272	0.09	0.00916436	3	1.80398	4	
0.273	0.09	0.00443762	3	1.80134	4	
0.274	0.09	0.000289086	4	1.7987	4	
0.275	0.09	0.00501575	3	1.79606	4	
0.276	0.09	0.00974239	3	1.79343	4	
0.277	0.09	0.014469	3	1.79079	4	
0.278	0.09	0.0191955	3	1.78815	4	
0.279	0.09	0.0239221	3	1.78552	4	
0.28	0.09	0.0286485	3	1.78289	4	

0.26	0.092	0.00815249	3	1.83868	4	
0.261	0.092	0.00342598	4	1.83602	4	
0.262	0.092	0.0013005	3	1.83337	4	
0.263	0.092	0.00602694	3	1.83072	4	
0.264	0.092	0.0107533	3	1.82807	4	
0.265	0.092	0.0154797	3	1.82542	4	
0.266	0.092	0.011113	3	1.82277	4	
0.267	0.092	0.00640089	3	1.82012	4	
0.268	0.092	0.00168888	4	1.81747	4	
0.269	0.092	0.00302297	3	1.81483	4	
0.27	0.092	0.00773466	3	1.81218	4	
0.271	0.092	0.0145164	3	1.80954	4	
0.272	0.092	0.00978982	3	1.8069	4	
0.273	0.092	0.00506332	3	1.80426	4	
0.274	0.092	0.000336848	4	1.80162	4	
0.275	0.092	0.00438958	3	1.79898	4	
0.276	0.092	0.00911598	3	1.79634	4	
0.277	0.092	0.0138423	3	1.79371	4	
0.278	0.092	0.0185686	3	1.79107	4	
0.279	0.092	0.0232949	3	1.78844	4	
0.28	0.092	0.0280212	3	1.78581	4	

0.26	0.094	0.00750492	3	1.84159	4	
0.261	0.094	0.00277866	3	1.83893	4	
0.262	0.094	0.00194757	4	1.83628	4	
0.263	0.094	0.00667375	3	1.83363	4	
0.264	0.094	0.0113999	3	1.83098	4	
0.265	0.094	0.016126	3	1.82833	4	
0.266	0.094	0.0111961	3	1.82568	4	
0.267	0.094	0.00648486	3	1.82303	4	
0.268	0.094	0.00177374	4	1.82039	4	
0.269	0.094	0.00293722	3	1.81774	4	
0.27	0.094	0.00764802	3	1.8151	4	
0.271	0.094	0.0151414	3	1.81246	4	
0.272	0.094	0.0104151	3	1.80982	4	
0.273	0.094	0.00568885	3	1.80718	4	
0.274	0.094	0.000962624	4	1.80454	4	
0.275	0.094	0.00376357	3	1.8019	4	
0.276	0.094	0.00848972	3	1.79926	4	
0.277	0.094	0.0132158	3	1.79663	4	
0.278	0.094	0.0179419	3	1.79399	4	
0.279	0.094	0.0226679	3	1.79136	4	
0.28	0.094	0.0273939	3	1.78873	4	

0.26	0.096	0.00685704	3	1.8445	4	
0.261	0.096	0.00213103	3	1.84185	4	
0.262	0.096	0.00259494	3	1.83919	4	
0.263	0.096	0.00732087	3	1.83654	4	
0.264	0.096	0.0120468	3	1.83389	4	
0.265	0.096	0.0167726	3	1.83124	4	
0.266	0.096	0.011281	3	1.82859	4	
0.267	0.096	0.00657064	3	1.82595	4	
0.268	0.096	0.00186042	3	1.8233	4	
0.269	0.096	0.00284963	3	1.82066	4	
0.27	0.096	0.00755952	3	1.81801	4	
0.271	0.096	0.0157663	3	1.81537	4	
0.272	0.096	0.0110402	3	1.81273	4	
0.273	0.096	0.00631423	3	1.81009	4	
0.274	0.096	0.00158824	3	1.80745	4	
0.275	0.096	0.0031377	3	1.80482	4	
0.276	0.096	0.0078636	3	1.80218	4	
0.277	0.096	0.0125895	3	1.79955	4	
0.278	0.096	0.0173153	3	1.79691	4	
0.279	0.096	0.0220411	3	1.79428	4	
0.28	0.096	0.0267668	3	1.79165	4	

0.26	0.098	0.00620884	3	1.84741	4	
0.261	0.098	0.00148308	3	1.84476	4	
0.262	0.098	0.00324263	3	1.8421	4	
0.263	0.098	0.00796829	3	1.83945	4	
0.264	0.098	0.0126939	3	1.8368	4	
0.265	0.098	0.0174195	3	1.83416	4	
0.266	0.098	0.0113677	3	1.83151	4	
0.267	0.098	0.00665824	3	1.82886	4	
0.268	0.098	0.00194894	3	1.82622	4	
0.269	0.098	0.00276019	3	1.82357	4	
0.27	0.098	0.00746914	3	1.82093	4	
0.271	0.098	0.016391	3	1.81829	4	
0.272	0.098	0.0116652	3	1.81565	4	
0.273	0.098	0.00693944	3	1.81301	4	
0.274	0.098	0.0022137	3	1.81037	4	
0.275	0.098	0.00251199	3	1.80773	4	
0.276	0.098	0.00723764	3	1.8051	4	
0.277	0.098	0.0119632	3	1.80246	4	
0.278	0.098	0.0166888	3	1.79983	4	
0.279	0.098	0.0214143	3	1.7972	4	
0.28	0.098	0.0261398	3	1.79457	4	

