#1:t	2:m	3:gap1	4:kx_itr1	5:gap2	6:kx_itr2	7:...
0.2	0	0.321539	4	1.85354	5	
0.21	0	0.274219	4	1.82621	5	
0.22	0	0.226898	4	1.79903	5	
0.23	0	0.179578	4	1.77198	5	
0.24	0	0.132257	4	1.74507	5	
0.25	0	0.0849365	4	1.7183	5	
0.26	0	0.037616	4	1.69168	5	
0.27	0	0.00970453	4	1.6652	5	
0.28	0	0.057025	4	1.63886	5	
0.29	0	0.104346	4	1.61266	5	
0.3	0	0.151666	4	1.58661	5	
0.31	0	0.198987	4	1.5607	5	
0.32	0	0.246307	4	1.53495	5	
0.33	0	0.293628	4	1.50934	5	
0.34	0	0.340948	4	1.48387	5	
0.35	0	0.388269	4	1.45856	5	
0.36	0	0.435589	4	1.4334	5	
0.37	0	0.48291	4	1.40839	5	
0.38	0	0.53023	4	1.38354	5	
0.39	0	0.577551	4	1.35884	5	

0.2	0.01	0.318363	3	1.86826	5	
0.21	0.01	0.271043	3	1.84096	5	
0.22	0.01	0.223723	3	1.8138	5	
0.23	0.01	0.176403	3	1.78678	5	
0.24	0.01	0.129083	4	1.7599	5	
0.25	0.01	0.0817626	4	1.73316	5	
0.26	0.01	0.0344427	4	1.70656	5	
0.27	0.01	0.00653734	4	1.6801	5	
0.28	0.01	0.0538572	4	1.65378	5	
0.29	0.01	0.101177	4	1.62761	5	
0.3	0.01	0.148497	4	1.60158	5	
0.31	0.01	0.195816	4	1.5757	5	
0.32	0.01	0.243136	4	1.54996	5	
0.33	0.01	0.290455	3	1.52437	5	
0.34	0.01	0.337775	3	1.49893	5	
0.35	0.01	0.385094	3	1.47364	5	
0.36	0.01	0.432413	3	1.44849	5	
0.37	0.01	0.479732	3	1.4235	5	
0.38	0.01	0.52705	4	1.39866	5	
0.39	0.01	0.574368	3	1.37398	5	

0.2	0.02	0.315173	4	1.88298	5	
0.21	0.02	0.267854	4	1.8557	5	
0.22	0.02	0.220536	4	1.82857	5	
0.23	0.02	0.173217	4	1.80158	5	
0.24	0.02	0.125899	3	1.77472	5	
0.25	0.02	0.0785807	3	1.748	5	
0.26	0.02	0.0312627	3	1.72143	5	
0.27	0.02	0.00337547	4	1.695	5	
0.28	0.02	0.0506932	4	1.6687	5	
0.29	0.02	0.0980108	4	1.64255	5	
0.3	0.02	0.145328	4	1.61655	5	
0.31	0.02	0.192645	4	1.59068	5	
0.32	0.02	0.239962	3	1.56497	5	
0.33	0.02	0.287278	3	1.5394	5	
0.34	0.02	0.334594	3	1.51397	5	
0.35	0.02	0.381909	4	1.4887	5	
0.36	0.02	0.429224	3	1.46357	5	
0.37	0.02	0.476538	3	1.4386	5	
0.38	0.02	0.523851	4	1.41377	5	
0.39	0.02	0.571162	3	1.3891	5	

0.2	0.03	0.31197	3	1.89768	5	
0.21	0.03	0.264653	4	1.87044	5	
0.22	0.03	0.217337	4	1.84333	5	
0.23	0.03	0.170021	4	1.81636	5	
0.24	0.03	0.122706	4	1.78953	5	
0.25	0.03	0.0753906	4	1.76284	5	
0.26	0.03	0.0280756	4	1.73629	5	
0.27	0.03	0.000218804	5	1.70988	5	
0.28	0.03	0.0475332	3	1.68361	5	
0.29	0.03	0.094847	4	1.65749	5	
0.3	0.03	0.14216	4	1.6315	5	
0.31	0.03	0.189473	4	1.60566	5	
0.32	0.03	0.236785	3	1.57996	5	
0.33	0.03	0.284096	3	1.55441	5	
0.34	0.03	0.331406	4	1.52901	5	
0.35	0.03	0.378715	3	1.50375	5	
0.36	0.03	0.426023	3	1.47864	5	
0.37	0.03	0.473329	3	1.45368	5	
0.38	0.03	0.520632	3	1.42887	5	
0.39	0.03	0.567933	3	1.40422	5	

0.2	0.04	0.308753	3	1.91238	5	
0.21	0.04	0.26144	3	1.88516	5	
0.22	0.04	0.214127	3	1.85809	5	
0.23	0.04	0.166815	3	1.83114	5	
0.24	0.04	0.119503	4	1.80434	5	
0.25	0.04	0.0721921	4	1.77767	5	
0.26	0.04	0.0248814	4	1.75115	5	
0.27	0.04	0.00293277	4	1.72476	5	
0.28	0.04	0.0443768	4	1.69851	5	
0.29	0.04	0.0916856	3	1.67241	5	
0.3	0.04	0.138993	4	1.64645	5	
0.31	0.04	0.1863	4	1.62063	5	
0.32	0.04	0.233606	3	1.59495	5	
0.33	0.04	0.28091	4	1.56942	5	
0.34	0.04	0.328212	3	1.54403	5	
0.35	0.04	0.375512	3	1.51879	5	
0.36	0.04	0.42281	3	1.4937	5	
0.37	0.04	0.470104	4	1.46875	5	
0.38	0.04	0.517394	3	1.44396	5	
0.39	0.04	0.56468	3	1.41932	5	

0.2	0.05	0.305522	4	1.92707	5	
0.21	0.05	0.258213	4	1.89988	5	
0.22	0.05	0.210905	4	1.87283	5	
0.23	0.05	0.163598	4	1.84591	5	
0.24	0.05	0.116291	3	1.81914	5	
0.25	0.05	0.0689851	4	1.79249	5	
0.26	0.05	0.0216801	4	1.76599	5	
0.27	0.05	0.00607936	4	1.73963	5	
0.28	0.05	0.0412242	4	1.71341	5	
0.29	0.05	0.0885265	3	1.68732	5	
0.3	0.05	0.135827	4	1.66138	5	
0.31	0.05	0.183126	4	1.63558	5	
0.32	0.05	0.230424	3	1.60993	5	
0.33	0.05	0.277719	4	1.58441	5	
0.34	0.05	0.325011	3	1.55904	5	
0.35	0.05	0.3723	3	1.53382	5	
0.36	0.05	0.419585	4	1.50875	5	
0.37	0.05	0.466865	3	1.48382	5	
0.38	0.05	0.514139	3	1.45904	5	
0.39	0.05	0.561405	3	1.43441	5	

0.2	0.06	0.302277	3	1.94176	5	
0.21	0.06	0.254974	3	1.91459	5	
0.22	0.06	0.207671	4	1.88757	5	
0.23	0.06	0.160369	4	1.86068	5	
0.24	0.06	0.113069	4	1.83392	5	
0.25	0.06	0.0657694	3	1.80731	5	
0.26	0.06	0.0184713	4	1.78083	5	
0.27	0.06	0.00886701	4	1.75449	5	
0.28	0.06	0.0380751	4	1.72829	5	
0.29	0.06	0.0853695	3	1.70223	5	
0.3	0.06	0.132662	4	1.67631	5	
0.31	0.06	0.179952	4	1.65053	5	
0.32	0.06	0.227239	3	1.62489	5	
0.33	0.06	0.274523	4	1.5994	5	
0.34	0.06	0.321803	4	1.57405	5	
0.35	0.06	0.369078	3	1.54884	5	
0.36	0.06	0.416348	3	1.52378	5	
0.37	0.06	0.463611	3	1.49887	5	
0.38	0.06	0.510865	3	1.4741	5	
0.39	0.06	0.558108	3	1.44949	5	

0.2	0.07	0.299018	4	1.95643	5	
0.21	0.07	0.251721	4	1.9293	5	
0.22	0.07	0.204425	3	1.9023	5	
0.23	0.07	0.15713	4	1.87543	5	
0.24	0.07	0.109837	4	1.8487	5	
0.25	0.07	0.062545	4	1.82211	5	
0.26	0.07	0.0386422	4	1.79566	5	
0.27	0.07	0.00856445	4	1.76934	5	
0.28	0.07	0.0557619	4	1.74316	5	
0.29	0.07	0.0822147	4	1.71712	5	
0.3	0.07	0.129497	4	1.69122	5	
0.31	0.07	0.176776	4	1.66547	5	
0.32	0.07	0.224052	4	1.63985	5	
0.33	0.07	0.271322	3	1.61437	5	
0.34	0.07	0.318588	4	1.58904	5	
0.35	0.07	0.365848	4	1.56385	5	
0.36	0.07	0.4131	3	1.53881	5	
0.37	0.07	0.460342	3	1.51391	5	
0.38	0.07	0.507574	3	1.48916	5	
0.39	0.07	0.55479	3	1.46456	5	

0.2	0.08	0.295744	3	1.9711	5	
0.21	0.08	0.248454	4	1.94399	5	
0.22	0.08	0.201166	4	1.91702	5	
0.23	0.08	0.153879	3	1.89018	5	
0.24	0.08	0.106594	4	1.86347	5	
0.25	0.08	0.0861388	4	1.83691	5	
0.26	0.08	0.0389565	4	1.81048	5	
0.27	0.08	0.0082153	3	1.78418	5	
0.28	0.08	0.055375	4	1.75803	5	
0.29	0.08	0.102521	4	1.73201	5	
0.3	0.08	0.126333	3	1.70613	5	
0.31	0.08	0.1736	4	1.68039	5	
0.32	0.08	0.220861	3	1.65479	5	
0.33	0.08	0.268118	4	1.62934	5	
0.34	0.08	0.315367	4	1.60402	5	
0.35	0.08	0.362608	3	1.57885	5	
0.36	0.08	0.40984	4	1.55382	5	
0.37	0.08	0.45706	4	1.52894	5	
0.38	0.08	0.504265	3	1.5042	5	
0.39	0.08	0.551452	3	1.35325	5	

0.2	0.09	0.292456	3	1.98576	5	
0.21	0.09	0.245174	3	1.95868	5	
0.22	0.09	0.197894	4	1.93173	5	
0.23	0.09	0.150617	4	1.90492	5	
0.24	0.09	0.103342	3	1.87824	5	
0.25	0.09	0.0864584	3	1.85169	5	
0.26	0.09	0.0393128	4	1.82529	5	
0.27	0.09	0.00781943	4	1.79901	5	
0.28	0.09	0.0549364	4	1.77288	5	
0.29	0.09	0.102036	4	1.74688	5	
0.3	0.09	0.123169	4	1.72103	5	
0.31	0.09	0.170422	3	1.69531	5	
0.32	0.09	0.217669	3	1.66973	5	
0.33	0.09	0.264908	4	1.64429	5	
0.34	0.09	0.312139	4	1.61899	5	
0.35	0.09	0.359361	4	1.59384	5	
0.36	0.09	0.40657	3	1.56882	5	
0.37	0.09	0.453764	3	1.54396	5	
0.38	0.09	0.50094	3	1.37824	5	
0.39	0.09	0.548093	3	1.35497	5	

0.2	0.1	0.289152	3	2.00042	5	
0.21	0.1	0.24188	3	1.97336	5	
0.22	0.1	0.19461	4	1.94643	5	
0.23	0.1	0.147343	4	1.91964	5	
0.24	0.1	0.100078	4	1.89299	5	
0.25	0.1	0.0528175	4	1.86647	5	
0.26	0.1	0.0397111	4	1.84008	5	
0.27	0.1	0.00737689	4	1.81384	5	
0.28	0.1	0.0544461	4	1.78772	5	
0.29	0.1	0.0727622	4	1.76175	5	
0.3	0.1	0.120006	4	1.73591	5	
0.31	0.1	0.167243	3	1.71021	5	
0.32	0.1	0.214473	3	1.68465	5	
0.33	0.1	0.261695	3	1.65923	5	
0.34	0.1	0.308906	3	1.63395	5	
0.35	0.1	0.356104	3	1.60881	5	
0.36	0.1	0.403288	3	1.58382	5	
0.37	0.1	0.450454	3	1.55896	5	
0.38	0.1	0.497598	4	1.37991	5	
0.39	0.1	0.544714	3	1.35665	5	

0.2	0.11	0.285834	4	2.01506	5	
0.21	0.11	0.238572	3	1.98803	5	
0.22	0.11	0.191313	3	1.96113	5	
0.23	0.11	0.144057	4	1.93436	5	
0.24	0.11	0.0968046	3	1.90773	5	
0.25	0.11	0.0495564	4	1.88124	5	
0.26	0.11	0.0401514	4	1.85488	5	
0.27	0.11	0.00688762	4	1.82865	5	
0.28	0.11	0.0223804	3	1.80256	5	
0.29	0.11	0.0696151	4	1.7766	5	
0.3	0.11	0.116843	4	1.75079	5	
0.31	0.11	0.164064	3	1.72511	5	
0.32	0.11	0.211275	3	1.69957	5	
0.33	0.11	0.258476	3	1.67416	5	
0.34	0.11	0.305665	3	1.6489	5	
0.35	0.11	0.352839	3	1.62378	5	
0.36	0.11	0.399996	4	1.5988	5	
0.37	0.11	0.447131	3	1.40501	5	
0.38	0.11	0.49424	3	1.38154	5	
0.39	0.11	0.541316	4	1.35829	5	

0.2	0.12	0.2825	3	2.02969	5	
0.21	0.12	0.235249	4	2.00269	5	
0.22	0.12	0.188002	3	1.97581	5	
0.23	0.12	0.140759	4	1.94907	5	
0.24	0.12	0.0935199	4	1.92247	5	
0.25	0.12	0.0462858	4	1.89599	5	
0.26	0.12	0.000942708	4	1.86966	5	
0.27	0.12	0.00635155	4	1.84345	5	
0.28	0.12	0.019251	4	1.81738	5	
0.29	0.12	0.0664698	4	1.79145	5	
0.3	0.12	0.113681	4	1.76565	5	
0.31	0.12	0.160883	3	1.73999	5	
0.32	0.12	0.208075	3	1.71447	5	
0.33	0.12	0.255254	3	1.68909	5	
0.34	0.12	0.302419	3	1.66384	5	
0.35	0.12	0.349566	4	1.63873	5	
0.36	0.12	0.396693	3	1.43027	5	
0.37	0.12	0.443795	3	1.40658	5	
0.38	0.12	0.490866	3	1.35996	5	
0.39	0.12	0.537899	3	1.33874	5	

0.2	0.13	0.279151	4	2.04432	5	
0.21	0.13	0.231912	3	2.01734	5	
0.22	0.13	0.184678	4	1.99049	5	
0.23	0.13	0.137449	3	1.96377	5	
0.24	0.13	0.0902242	4	1.93719	5	
0.25	0.13	0.0430055	3	1.91074	5	
0.26	0.13	0.00420656	4	1.88443	5	
0.27	0.13	0.0310852	4	1.85824	5	
0.28	0.13	0.0161245	4	1.8322	5	
0.29	0.13	0.0633262	4	1.80628	5	
0.3	0.13	0.110519	3	1.78051	5	
0.31	0.13	0.157701	3	1.75487	5	
0.32	0.13	0.204871	3	1.72936	5	
0.33	0.13	0.252027	3	1.704	5	
0.34	0.13	0.299166	4	1.67877	5	
0.35	0.13	0.346285	3	1.65368	5	
0.36	0.13	0.39338	4	1.43178	5	
0.37	0.13	0.440447	3	1.38387	5	
0.38	0.13	0.487477	4	1.36232	5	
0.39	0.13	0.534463	3	1.34111	5	

0.2	0.14	0.275785	4	2.05894	5	
0.21	0.14	0.228561	4	2.03198	5	
0.22	0.14	0.181341	4	2.00516	5	
0.23	0.14	0.134126	4	1.97847	5	
0.24	0.14	0.0869173	4	1.95191	5	
0.25	0.14	0.0397154	4	1.92548	5	
0.26	0.14	0.00747883	4	1.89919	5	
0.27	0.14	0.0341916	4	1.87303	5	
0.28	0.14	0.0130009	4	1.847	5	
0.29	0.14	0.0601843	3	1.82111	5	
0.3	0.14	0.107357	3	1.79535	5	
0.31	0.14	0.154518	3	1.76973	5	
0.32	0.14	0.201665	3	1.74424	5	
0.33	0.14	0.248796	3	1.71889	5	
0.34	0.14	0.295907	4	1.69368	5	
0.35	0.14	0.342996	3	1.66861	5	
0.36	0.14	0.390057	3	1.40804	5	
0.37	0.14	0.437085	3	1.38616	5	
0.38	0.14	0.484073	3	1.36463	5	
0.39	0.14	0.531009	3	1.34343	5	

0.2	0.15	0.272404	3	2.07355	5	
0.21	0.15	0.225194	4	2.04661	5	
0.22	0.15	0.177989	3	2.01982	5	
0.23	0.15	0.130791	4	1.99315	5	
0.24	0.15	0.0835991	3	1.96661	5	
0.25	0.15	0.0364152	4	1.94021	5	
0.26	0.15	0.0107596	4	1.91394	5	
0.27	0.15	0.00446216	3	1.8878	5	
0.28	0.15	0.00988003	4	1.86179	5	
0.29	0.15	0.0570438	4	1.83592	5	
0.3	0.15	0.104196	4	1.81018	5	
0.31	0.15	0.151334	4	1.78458	5	
0.32	0.15	0.198456	3	1.75911	5	
0.33	0.15	0.24556	3	1.73378	5	
0.34	0.15	0.292642	4	1.68718	5	
0.35	0.15	0.339698	3	1.43244	5	
0.36	0.15	0.386724	3	1.41027	5	
0.37	0.15	0.433711	3	1.38841	5	
0.38	0.15	0.480653	3	1.3669	5	
0.39	0.15	0.527538	3	1.34572	5	

0.2	0.16	0.269007	4	2.08814	5	
0.21	0.16	0.221812	3	2.06124	5	
0.22	0.16	0.174624	4	2.03446	5	
0.23	0.16	0.127443	4	2.00782	5	
0.24	0.16	0.0802693	4	1.98131	5	
0.25	0.16	0.0331049	4	1.95493	5	
0.26	0.16	0.0140491	4	1.92868	5	
0.27	0.16	0.0037383	4	1.90256	5	
0.28	0.16	0.00676189	4	1.87658	5	
0.29	0.16	0.0539049	4	1.85072	5	
0.3	0.16	0.101034	4	1.82501	5	
0.31	0.16	0.148149	4	1.79942	5	
0.32	0.16	0.195245	3	1.75119	5	
0.33	0.16	0.24232	3	1.72672	5	
0.34	0.16	0.289371	4	1.45708	5	
0.35	0.16	0.336393	4	1.43461	5	
0.36	0.16	0.38338	4	1.41245	5	
0.37	0.16	0.430325	3	1.39062	5	
0.38	0.16	0.477219	3	1.36912	5	
0.39	0.16	0.524049	4	1.34796	5	

0.2	0.17	0.265593	4	2.10273	5	
0.21	0.17	0.218415	3	2.07585	5	
0.22	0.17	0.171244	4	2.0491	5	
0.23	0.17	0.124082	3	2.02248	5	
0.24	0.17	0.0769278	4	1.99599	5	
0.25	0.17	0.0297843	4	1.96963	5	
0.26	0.17	0.0173475	4	1.94341	5	
0.27	0.17	0.00296742	4	1.91731	5	
0.28	0.17	0.00364634	4	1.89135	5	
0.29	0.17	0.0507673	4	1.86552	5	
0.3	0.17	0.0978733	4	1.81586	5	
0.31	0.17	0.144962	4	1.79104	5	
0.32	0.17	0.192031	3	1.7664	5	
0.33	0.17	0.239076	3	1.74194	5	
0.34	0.17	0.286094	3	1.45919	5	
0.35	0.17	0.33308	4	1.43673	5	
0.36	0.17	0.380027	3	1.4146	5	
0.37	0.17	0.426927	3	1.39278	5	
0.38	0.17	0.47377	3	1.3713	5	
0.39	0.17	0.520542	3	1.32331	5	

0.2	0.18	0.262162	3	2.11731	5	
0.21	0.18	0.215002	4	2.09046	5	
0.22	0.18	0.16785	3	2.06373	5	
0.23	0.18	0.120707	4	2.03713	5	
0.24	0.18	0.0735745	4	2.01067	5	
0.25	0.18	0.0264532	4	1.98433	5	
0.26	0.18	0.0206547	4	1.95813	5	
0.27	0.18	0.00214938	3	1.93205	5	
0.28	0.18	0.00053332	4	1.88116	5	
0.29	0.18	0.047631	4	1.856	5	
0.3	0.18	0.0947121	4	1.83102	5	
0.31	0.18	0.141774	4	1.80622	5	
0.32	0.18	0.188814	4	1.78159	5	
0.33	0.18	0.235828	4	1.48399	5	
0.34	0.18	0.282811	3	1.46125	5	
0.35	0.18	0.329759	3	1.43882	5	
0.36	0.18	0.376664	3	1.4167	5	
0.37	0.18	0.423517	4	1.39491	5	
0.38	0.18	0.470307	4	1.34475	5	
0.39	0.18	0.517019	3	1.32627	5	

0.2	0.19	0.258715	4	2.13188	5	
0.21	0.19	0.211574	4	2.10505	5	
0.22	0.19	0.164442	4	2.07835	5	
0.23	0.19	0.11732	4	2.05178	5	
0.24	0.19	0.070209	4	2.02533	5	
0.25	0.19	0.0231115	3	1.9727	5	
0.26	0.19	0.0239711	3	1.94706	5	
0.27	0.19	0.00128407	4	1.92158	5	
0.28	0.19	0.00257731	3	1.89627	5	
0.29	0.19	0.0444961	3	1.87114	5	
0.3	0.19	0.091551	3	1.84617	5	
0.31	0.19	0.138585	4	1.82139	5	
0.32	0.19	0.185594	4	1.79677	5	
0.33	0.19	0.232575	4	1.48598	5	
0.34	0.19	0.279523	3	1.46326	5	
0.35	0.19	0.326431	3	1.44085	5	
0.36	0.19	0.373292	3	1.41876	5	
0.37	0.19	0.420096	3	1.39698	5	
0.38	0.19	0.466831	3	1.34765	5	
0.39	0.19	0.51348	3	1.32919	5	

0.2	0.2	0.25525	4	2.14229	3	
0.21	0.2	0.208129	3	2.11964	5	
0.22	0.2	0.161018	4	2.0656	5	
0.23	0.2	0.113918	4	2.03949	5	
0.24	0.2	0.0668314	3	2.01354	5	
0.25	0.2	0.019759	4	1.98775	5	
0.26	0.2	0.0272967	3	1.96212	5	
0.27	0.2	0.000371428	4	1.93667	5	
0.28	0.2	0.00568553	4	1.91138	5	
0.29	0.2	0.0413623	4	1.88626	5	
0.3	0.2	0.0883899	3	1.86132	5	
0.31	0.2	0.135394	4	1.83654	5	
0.32	0.2	0.182372	4	1.51093	5	
0.33	0.2	0.229318	4	1.48793	5	
0.34	0.2	0.276228	3	1.46524	5	
0.35	0.2	0.323095	3	1.44285	5	
0.36	0.2	0.36991	4	1.42077	5	
0.37	0.2	0.416663	3	1.36943	5	
0.38	0.2	0.46334	3	1.35051	5	
0.39	0.2	0.509924	3	1.33207	5	

0.2	0.21	0.251768	3	2.13322	5	
0.21	0.21	0.204668	4	2.10681	5	
0.22	0.21	0.15758	4	2.08056	5	
0.23	0.21	0.110503	3	2.05447	5	
0.24	0.21	0.0634413	4	2.02855	5	
0.25	0.21	0.0163955	4	2.00278	5	
0.26	0.21	0.0306317	4	1.97718	5	
0.27	0.21	0.000588639	4	1.95174	5	
0.28	0.21	0.00879153	4	1.92647	5	
0.29	0.21	0.0382296	4	1.90137	5	
0.3	0.21	0.0852286	4	1.87645	5	
0.31	0.21	0.132202	3	1.85169	5	
0.32	0.21	0.179147	4	1.51281	5	
0.33	0.21	0.226057	4	1.48984	5	
0.34	0.21	0.272928	3	1.46716	5	
0.35	0.21	0.319751	4	1.41142	5	
0.36	0.21	0.366518	3	1.39159	5	
0.37	0.21	0.413218	3	1.37223	5	
0.38	0.21	0.459836	4	1.35333	5	
0.39	0.21	0.506352	3	1.33491	5	

0.2	0.22	0.248269	4	2.13405	3	
0.21	0.22	0.201191	4	2.12174	5	
0.22	0.22	0.154126	3	2.09552	5	
0.23	0.22	0.107074	4	2.06945	5	
0.24	0.22	0.0600386	4	2.04355	5	
0.25	0.22	0.0130209	4	2.0178	5	
0.26	0.22	0.0339762	4	1.99222	5	
0.27	0.22	0.0589096	4	1.96681	5	
0.28	0.22	0.0118954	4	1.94156	5	
0.29	0.22	0.0350979	4	1.91648	5	
0.3	0.22	0.0820672	4	1.89156	5	
0.31	0.22	0.129009	3	1.86682	5	
0.32	0.22	0.175919	4	1.51465	5	
0.33	0.22	0.222792	4	1.4917	5	
0.34	0.22	0.269621	3	1.43436	5	
0.35	0.22	0.3164	4	1.41412	5	
0.36	0.22	0.363118	4	1.39432	5	
0.37	0.22	0.409762	4	1.37498	5	
0.38	0.22	0.456318	3	1.3561	5	
0.39	0.22	0.502765	3	1.33771	5	

0.2	0.23	0.244751	4	2.12986	3	
0.21	0.23	0.197697	3	2.13666	5	
0.22	0.23	0.150656	4	2.11046	5	
0.23	0.23	0.103631	4	2.08442	5	
0.24	0.23	0.0566231	4	2.05854	5	
0.25	0.23	0.00963495	4	2.03282	5	
0.26	0.23	0.0373304	4	2.00726	5	
0.27	0.23	0.00265144	4	1.98186	5	
0.28	0.23	0.0149971	4	1.95663	5	
0.29	0.23	0.0319672	3	1.93156	5	
0.3	0.23	0.0789055	4	1.90667	5	
0.31	0.23	0.125814	4	1.88194	5	
0.32	0.23	0.172688	4	1.51644	5	
0.33	0.23	0.219522	3	1.45763	5	
0.34	0.23	0.266309	4	1.43699	5	
0.35	0.23	0.313041	3	1.41678	5	
0.36	0.23	0.359708	3	1.39701	5	
0.37	0.23	0.406296	3	1.37769	5	
0.38	0.23	0.452788	3	1.35884	5	
0.39	0.23	0.499162	3	1.30905	5	

0.2	0.24	0.241215	3	2.12562	3	
0.21	0.24	0.194186	3	2.15157	5	
0.22	0.24	0.147171	4	2.12539	5	
0.23	0.24	0.100173	4	2.09938	5	
0.24	0.24	0.0531946	4	2.07352	5	
0.25	0.24	0.00623758	4	2.04782	5	
0.26	0.24	0.0497252	4	2.02228	5	
0.27	0.24	0.00375439	4	1.9969	5	
0.28	0.24	0.0421072	4	1.97169	5	
0.29	0.24	0.0288374	4	1.94664	5	
0.3	0.24	0.0757436	3	1.92176	5	
0.31	0.24	0.122618	4	1.89706	5	
0.32	0.24	0.169454	4	1.48123	5	
0.33	0.24	0.216248	3	1.4602	5	
0.34	0.24	0.262991	3	1.43959	5	
0.35	0.24	0.309675	3	1.4194	5	
0.36	0.24	0.356289	3	1.39965	5	
0.37	0.24	0.402818	3	1.38036	5	
0.38	0.24	0.449244	3	1.32766	5	
0.39	0.24	0.495545	3	1.31255	5	

0.2	0.25	0.237661	3	2.12132	3	
0.21	0.25	0.190658	4	2.16647	5	
0.22	0.25	0.14367	4	2.14032	5	
0.23	0.25	0.0967011	4	2.11432	5	
0.24	0.25	0.0497529	4	2.08848	5	
0.25	0.25	0.00282859	4	2.06281	5	
0.26	0.25	0.05076	3	2.03729	5	
0.27	0.25	0.00490517	4	2.01193	5	
0.28	0.25	0.040831	3	1.98674	5	
0.29	0.25	0.0257084	4	1.96171	5	
0.3	0.25	0.0725813	4	1.93685	5	
0.31	0.25	0.11942	4	1.50513	5	
0.32	0.25	0.166218	4	1.48372	5	
0.33	0.25	0.21297	4	1.46272	5	
0.34	0.25	0.259668	3	1.44214	5	
0.35	0.25	0.306302	4	1.42198	5	
0.36	0.25	0.352861	3	1.40226	5	
0.37	0.25	0.399329	4	1.38299	5	
0.38	0.25	0.445688	3	1.3311	5	
0.39	0.25	0.491912	4	1.31601	5	

0.2	0.26	0.234088	4	2.11698	3	
0.21	0.26	0.187112	4	2.16402	2	
0.22	0.26	0.140153	3	2.15523	5	
0.23	0.26	0.093214	3	2.12926	5	
0.24	0.26	0.0462979	4	2.10344	5	
0.25	0.26	0.000592215	4	2.07779	5	
0.26	0.26	0.0518378	4	2.05229	5	
0.27	0.26	0.00610391	4	2.02695	5	
0.28	0.26	0.0395016	4	2.00178	5	
0.29	0.26	0.0225801	4	1.97676	5	
0.3	0.26	0.0694186	4	1.95192	5	
0.31	0.26	0.11622	4	1.50755	5	
0.32	0.26	0.162978	4	1.48617	5	
0.33	0.26	0.209687	4	1.4652	5	
0.34	0.26	0.256339	3	1.44465	5	
0.35	0.26	0.302922	4	1.42451	5	
0.36	0.26	0.349424	3	1.40482	5	
0.37	0.26	0.39583	4	1.3502	5	
0.38	0.26	0.442119	4	1.33449	5	
0.39	0.26	0.488265	2	1.31943	5	

0.2	0.27	0.230497	4	2.11258	3	
0.21	0.27	0.183548	3	2.1596	3	
0.22	0.27	0.136619	3	2.17013	5	
0.23	0.27	0.0897119	3	2.14418	5	
0.24	0.27	0.0428292	4	2.11839	5	
0.25	0.27	0.00402499	4	2.09275	5	
0.26	0.27	0.0529588	4	2.06728	5	
0.27	0.27	0.00735073	4	2.04196	5	
0.28	0.27	0.0381186	4	2.0168	5	
0.29	0.27	0.0194525	4	1.99181	5	
0.3	0.27	0.0662554	3	1.53166	5	
0.31	0.27	0.113019	4	1.50993	5	
0.32	0.27	0.159736	4	1.48858	5	
0.33	0.27	0.206401	4	1.46764	5	
0.34	0.27	0.253004	3	1.44711	5	
0.35	0.27	0.299534	4	1.427	5	
0.36	0.27	0.345978	4	1.36983	5	
0.37	0.27	0.39232	3	1.35353	5	
0.38	0.27	0.438538	3	1.33785	5	
0.39	0.27	0.484603	3	1.3228	5	

0.2	0.28	0.226886	3	2.10812	3	
0.21	0.28	0.179967	4	2.15512	3	
0.22	0.28	0.133069	4	2.18502	5	
0.23	0.28	0.0861945	4	2.1591	5	
0.24	0.28	0.0393469	4	2.13333	5	
0.25	0.28	0.0074699	4	2.10771	5	
0.26	0.28	0.0541229	4	2.08225	5	
0.27	0.28	0.00864575	4	2.05695	5	
0.28	0.28	0.0366821	4	2.03182	5	
0.29	0.28	0.0163255	4	2.00684	5	
0.3	0.28	0.0630917	4	1.53397	5	
0.31	0.28	0.109816	4	1.51226	5	
0.32	0.28	0.156491	4	1.49095	5	
0.33	0.28	0.20311	4	1.47003	5	
0.34	0.28	0.249663	3	1.44953	5	
0.35	0.28	0.296139	4	1.38998	5	
0.36	0.28	0.342524	4	1.3731	5	
0.37	0.28	0.3888	3	1.35682	5	
0.38	0.28	0.434944	3	1.34117	5	
0.39	0.28	0.480927	3	1.2898	5	

0.2	0.29	0.223256	4	2.10362	3	
0.21	0.29	0.176368	3	2.15059	3	
0.22	0.29	0.129502	3	2.19756	3	
0.23	0.29	0.0826616	4	2.174	5	
0.24	0.29	0.0358505	4	2.14825	5	
0.25	0.29	0.0109271	4	2.12266	5	
0.26	0.29	0.0553304	4	2.09722	5	
0.27	0.29	0.00998912	4	2.07194	5	
0.28	0.29	0.0351918	4	2.04682	5	
0.29	0.29	0.013199	4	1.55828	5	
0.3	0.29	0.0599275	4	1.53623	5	
0.31	0.29	0.106611	4	1.51455	5	
0.32	0.29	0.153243	3	1.49327	5	
0.33	0.29	0.199815	4	1.47238	5	
0.34	0.29	0.246317	3	1.45191	5	
0.35	0.29	0.292737	4	1.39317	5	
0.36	0.29	0.339061	3	1.37632	5	
0.37	0.29	0.385269	3	1.36007	5	
0.38	0.29	0.431338	4	1.34444	5	
0.39	0.29	0.477238	3	1.29386	5	

0.2	0.3	0.219606	3	2.09906	3	
0.21	0.3	0.17275	3	2.14601	3	
0.22	0.3	0.125918	3	2.19295	3	
0.23	0.3	0.079113	3	2.18889	5	
0.24	0.3	0.03234	4	2.16316	5	
0.25	0.3	0.0143969	4	2.13759	5	
0.26	0.3	0.0610922	4	2.11217	5	
0.27	0.3	0.011381	3	2.08691	5	
0.28	0.3	0.0366583	4	2.06181	5	
0.29	0.3	0.010073	4	1.56047	5	
0.3	0.3	0.0567626	4	1.53844	5	
0.31	0.3	0.103404	3	1.5168	5	
0.32	0.3	0.149991	3	1.49554	5	
0.33	0.3	0.196515	4	1.47469	5	
0.34	0.3	0.242965	4	1.41373	5	
0.35	0.3	0.289328	4	1.39633	5	
0.36	0.3	0.335589	3	1.3795	5	
0.37	0.3	0.381728	4	1.36328	5	
0.38	0.3	0.427721	3	1.30906	5	
0.39	0.3	0.473534	3	1.29789	5	

0.2	0.31	0.215936	4	2.09444	3	
0.21	0.31	0.169113	4	2.14137	3	
0.22	0.31	0.122316	4	2.18829	3	
0.23	0.31	0.0755486	3	2.20377	5	
0.24	0.31	0.0288152	4	2.17807	5	
0.25	0.31	0.0178793	4	2.15251	5	
0.26	0.31	0.0645288	4	2.12712	5	
0.27	0.31	0.0128214	4	2.10187	5	
0.28	0.31	0.0397464	4	1.58496	5	
0.29	0.31	0.00694735	4	1.5626	5	
0.3	0.31	0.053597	3	1.54061	5	
0.31	0.31	0.100196	4	1.519	5	
0.32	0.31	0.146737	4	1.49778	5	
0.33	0.31	0.193211	3	1.43476	5	
0.34	0.31	0.239607	4	1.41681	5	
0.35	0.31	0.285912	4	1.39944	5	
0.36	0.31	0.332109	3	1.38265	5	
0.37	0.31	0.378177	3	1.36645	5	
0.38	0.31	0.424091	3	1.31302	5	
0.39	0.31	0.469817	3	1.30187	5	

0.2	0.32	0.212246	4	2.08977	3	
0.21	0.32	0.165457	4	2.13667	3	
0.22	0.32	0.118697	4	2.18356	3	
0.23	0.32	0.0719679	4	2.21864	5	
0.24	0.32	0.0252757	4	2.19296	5	
0.25	0.32	0.0213745	4	2.16742	5	
0.26	0.32	0.0679764	4	2.14205	5	
0.27	0.32	0.0143106	4	2.11682	5	
0.28	0.32	0.0303967	4	1.58702	5	
0.29	0.32	0.00382199	4	1.5647	5	
0.3	0.32	0.0504306	4	1.54274	5	
0.31	0.32	0.0969858	4	1.52116	5	
0.32	0.32	0.14348	4	1.45623	5	
0.33	0.32	0.189903	3	1.43776	5	
0.34	0.32	0.236244	4	1.41985	5	
0.35	0.32	0.282489	4	1.40251	5	
0.36	0.32	0.32862	3	1.38574	5	
0.37	0.32	0.374616	3	1.32888	5	
0.38	0.32	0.42045	3	1.31695	5	
0.39	0.32	0.466086	4	1.30582	5	

0.2	0.33	0.208535	4	2.08505	3	
0.21	0.33	0.161782	4	2.13192	3	
0.22	0.33	0.115059	4	2.17878	3	
0.23	0.33	0.0683709	4	2.22563	3	
0.24	0.33	0.0217215	4	2.20784	5	
0.25	0.33	0.0248828	4	2.18232	5	
0.26	0.33	0.0714352	4	2.15697	5	
0.27	0.33	0.0158488	4	2.13176	5	
0.28	0.33	0.0286896	4	1.58904	5	
0.29	0.33	0.000696863	4	1.56675	5	
0.3	0.33	0.0472634	4	1.54482	5	
0.31	0.33	0.0937737	4	1.47812	5	
0.32	0.33	0.140219	4	1.45916	5	
0.33	0.33	0.186591	3	1.44073	5	
0.34	0.33	0.232875	4	1.42285	5	
0.35	0.33	0.279059	4	1.40554	5	
0.36	0.33	0.325123	3	1.3888	5	
0.37	0.33	0.371045	3	1.33274	5	
0.38	0.33	0.416797	4	1.32083	5	
0.39	0.33	0.462342	3	1.30972	5	

0.2	0.34	0.204803	3	2.08027	3	
0.21	0.34	0.158088	3	2.12711	3	
0.22	0.34	0.111404	4	2.17394	3	
0.23	0.34	0.0647573	4	2.22076	3	
0.24	0.34	0.0181524	4	2.2227	5	
0.25	0.34	0.0284043	4	2.19721	5	
0.26	0.34	0.0620217	4	2.17187	5	
0.27	0.34	0.017436	4	2.14669	5	
0.28	0.34	0.0269278	4	1.59101	5	
0.29	0.34	0.00242811	4	1.56876	5	
0.3	0.34	0.0440953	3	1.50042	5	
0.31	0.34	0.0905595	3	1.48097	5	
0.32	0.34	0.136956	4	1.46204	5	
0.33	0.34	0.183274	4	1.44365	5	
0.34	0.34	0.229501	4	1.42581	5	
0.35	0.34	0.275622	4	1.40852	5	
0.36	0.34	0.321617	3	1.34923	5	
0.37	0.34	0.367464	3	1.33656	5	
0.38	0.34	0.413133	3	1.32468	5	
0.39	0.34	0.458585	4	1.27355	5	

0.2	0.35	0.201051	3	2.07543	3	
0.21	0.35	0.154373	3	2.12224	3	
0.22	0.35	0.107731	4	2.16904	3	
0.23	0.35	0.0611268	4	2.21583	3	
0.24	0.35	0.014568	4	2.23756	5	
0.25	0.35	0.0319392	4	2.21209	5	
0.26	0.35	0.0634916	3	2.18677	5	
0.27	0.35	0.0190725	4	1.61552	5	
0.28	0.35	0.0251111	4	1.59294	5	
0.29	0.35	0.00555308	3	1.5231	5	
0.3	0.35	0.0409263	4	1.50319	5	
0.31	0.35	0.0873434	4	1.48378	5	
0.32	0.35	0.133689	3	1.46489	5	
0.33	0.35	0.179953	4	1.44653	5	
0.34	0.35	0.226121	4	1.42872	5	
0.35	0.35	0.272178	4	1.36639	5	
0.36	0.35	0.318103	3	1.35298	5	
0.37	0.35	0.363874	4	1.34034	5	
0.38	0.35	0.409457	4	1.32848	5	
0.39	0.35	0.454816	3	1.27812	5	

0.2	0.36	0.197277	4	2.07053	3	
0.21	0.36	0.150639	4	2.11731	3	
0.22	0.36	0.104038	3	2.16408	3	
0.23	0.36	0.0574792	4	2.21083	3	
0.24	0.36	0.0109682	4	2.2524	5	
0.25	0.36	0.0354877	3	2.22695	5	
0.26	0.36	0.0650057	4	2.20165	5	
0.27	0.36	0.0207585	4	1.61737	5	
0.28	0.36	0.0232393	4	1.54615	5	
0.29	0.36	0.00867788	4	1.52579	5	
0.3	0.36	0.0377562	4	1.50592	5	
0.31	0.36	0.0841251	4	1.48654	5	
0.32	0.36	0.130419	3	1.46769	5	
0.33	0.36	0.176627	4	1.44937	5	
0.34	0.36	0.222735	4	1.43159	5	
0.35	0.36	0.268727	4	1.37007	5	
0.36	0.36	0.314581	3	1.3567	5	
0.37	0.36	0.360273	4	1.34408	5	
0.38	0.36	0.405771	3	1.28939	5	
0.39	0.36	0.451033	3	1.28265	5	

0.2	0.37	0.193481	4	2.06558	3	
0.21	0.37	0.146885	4	2.11233	3	
0.22	0.37	0.100327	3	2.15906	3	
0.23	0.37	0.0538144	4	2.20578	3	
0.24	0.37	0.00735276	4	2.25249	3	
0.25	0.37	0.0390499	3	2.24181	5	
0.26	0.37	0.0665641	4	2.1812	5	
0.27	0.37	0.022494	4	1.56956	5	
0.28	0.37	0.0213122	4	1.54876	5	
0.29	0.37	0.0118028	4	1.52844	5	
0.3	0.37	0.0345851	4	1.5086	5	
0.31	0.37	0.0809047	4	1.48927	5	
0.32	0.37	0.127146	4	1.47045	5	
0.33	0.37	0.173297	4	1.45216	5	
0.34	0.37	0.219344	4	1.3878	5	
0.35	0.37	0.265269	4	1.37371	5	
0.36	0.37	0.311051	4	1.36037	5	
0.37	0.37	0.356663	3	1.34779	5	
0.38	0.37	0.402073	3	1.29386	5	
0.39	0.37	0.447238	4	1.28714	5	

0.2	0.38	0.189663	4	2.06057	3	
0.21	0.38	0.143109	4	2.10728	3	
0.22	0.38	0.0965969	4	2.15398	3	
0.23	0.38	0.0501319	4	2.20067	3	
0.24	0.38	0.0037215	4	2.2456	5	
0.25	0.38	0.0426261	4	2.22091	5	
0.26	0.38	0.068167	4	2.19642	5	
0.27	0.38	0.0242793	3	1.57208	5	
0.28	0.38	0.0613314	4	1.55132	5	
0.29	0.38	0.0149279	3	1.53104	5	
0.3	0.38	0.0314129	4	1.51124	5	
0.31	0.38	0.0776822	3	1.49195	5	
0.32	0.38	0.12387	4	1.47317	5	
0.33	0.38	0.169963	3	1.40614	5	
0.34	0.38	0.215947	3	1.39136	5	
0.35	0.38	0.261804	4	1.37731	5	
0.36	0.38	0.307512	3	1.364	5	
0.37	0.38	0.353044	3	1.30597	5	
0.38	0.38	0.398364	3	1.2983	5	
0.39	0.38	0.44343	3	1.29159	5	

0.2	0.39	0.185823	3	2.0555	3	
0.21	0.39	0.139313	4	2.10218	3	
0.22	0.39	0.0928472	4	2.14884	3	
0.23	0.39	0.0464317	4	2.19549	3	
0.24	0.39	7.41823e-05	5	2.24212	3	
0.25	0.39	0.0462164	4	2.2361	5	
0.26	0.39	0.0698146	3	1.59573	5	
0.27	0.39	0.0261147	4	1.57456	5	
0.28	0.39	0.0172911	4	1.55384	5	
0.29	0.39	0.0180532	4	1.5336	5	
0.3	0.39	0.0282394	4	1.51384	5	
0.31	0.39	0.0744574	4	1.49458	5	
0.32	0.39	0.12059	4	1.42506	5	
0.33	0.39	0.166624	3	1.40962	5	
0.34	0.39	0.212545	3	1.39489	5	
0.35	0.39	0.258333	3	1.38087	5	
0.36	0.39	0.303965	3	1.36759	5	
0.37	0.39	0.349414	3	1.31034	5	
0.38	0.39	0.394644	3	1.3027	5	
0.39	0.39	0.43961	3	1.25206	5	

0.2	0.4	0.181961	3	2.05037	3	
0.21	0.4	0.135496	4	2.09701	3	
0.22	0.4	0.0890778	4	2.14364	3	
0.23	0.4	0.0427134	4	2.19025	3	
0.24	0.4	0.00358942	4	2.23685	3	
0.25	0.4	0.049821	4	2.25127	5	
0.26	0.4	0.0715069	4	1.59812	5	
0.27	0.4	0.0280002	4	1.57699	5	
0.28	0.4	0.0151966	4	1.55631	5	
0.29	0.4	0.0211788	4	1.53611	5	
0.3	0.4	0.0250647	4	1.51639	5	
0.31	0.4	0.0712303	4	1.49718	5	
0.32	0.4	0.117307	3	1.42847	5	
0.33	0.4	0.163281	4	1.41307	5	
0.34	0.4	0.209136	3	1.39837	5	
0.35	0.4	0.254854	3	1.38439	5	
0.36	0.4	0.300411	3	1.32325	5	
0.37	0.4	0.345776	3	1.31468	5	
0.38	0.4	0.390914	4	1.30706	5	
0.39	0.4	0.435778	3	1.25715	5	

0.2	0.41	0.178075	4	2.04518	3	
0.21	0.41	0.131657	3	2.09178	3	
0.22	0.41	0.0852885	4	2.13837	3	
0.23	0.41	0.0389768	4	2.18495	3	
0.24	0.41	0.00726952	4	2.2315	3	
0.25	0.41	0.0534402	4	2.26644	5	
0.26	0.41	0.0732442	3	1.60047	5	
0.27	0.41	0.0299361	3	1.57938	5	
0.28	0.41	0.0130458	4	1.55874	5	
0.29	0.41	0.0243047	4	1.53858	5	
0.3	0.41	0.0218887	3	1.51891	5	
0.31	0.41	0.0680009	4	1.44788	5	
0.32	0.41	0.11402	4	1.43184	5	
0.33	0.41	0.159933	4	1.41648	5	
0.34	0.41	0.205723	4	1.40182	5	
0.35	0.41	0.251369	3	1.38787	5	
0.36	0.41	0.296848	3	1.32753	5	
0.37	0.41	0.342128	4	1.31898	5	
0.38	0.41	0.387173	4	1.2641	5	
0.39	0.41	0.431934	4	1.2622	5	

0.2	0.42	0.174167	4	2.03993	3	
0.21	0.42	0.127797	3	2.08649	3	
0.22	0.42	0.0814789	4	2.13304	3	
0.23	0.42	0.0352216	4	2.17958	2	
0.24	0.42	0.0109664	4	2.2261	3	
0.25	0.42	0.0570741	4	2.26495	5	
0.26	0.42	0.0750266	3	1.60277	5	
0.27	0.42	0.0319226	3	1.58172	5	
0.28	0.42	0.0108385	4	1.56113	5	
0.29	0.42	0.0532068	4	1.54101	5	
0.3	0.42	0.0187113	4	1.46783	5	
0.31	0.42	0.0647692	3	1.45117	5	
0.32	0.42	0.11073	4	1.43517	5	
0.33	0.42	0.156581	3	1.41984	5	
0.34	0.42	0.202303	3	1.40522	5	
0.35	0.42	0.247877	4	1.3412	5	
0.36	0.42	0.293277	3	1.33176	5	
0.37	0.42	0.338471	4	1.32324	5	
0.38	0.42	0.383421	4	1.26911	5	
0.39	0.42	0.428078	4	1.26721	5	

0.2	0.43	0.170235	4	2.03462	3	
0.21	0.43	0.123914	3	2.08114	2	
0.22	0.43	0.0776488	4	2.12765	3	
0.23	0.43	0.0314476	4	2.17415	3	
0.24	0.43	0.0146802	4	2.22062	3	
0.25	0.43	0.0607228	4	1.62647	5	
0.26	0.43	0.0768543	4	1.60502	5	
0.27	0.43	0.03396	4	1.58402	5	
0.28	0.43	0.00857427	4	1.56347	5	
0.29	0.43	0.0506961	4	1.4883	5	
0.3	0.43	0.0155325	4	1.47103	5	
0.31	0.43	0.061535	4	1.45441	5	
0.32	0.43	0.107437	4	1.43845	5	
0.33	0.43	0.153224	4	1.42317	5	
0.34	0.43	0.198878	3	1.40858	5	
0.35	0.43	0.244378	4	1.34537	5	
0.36	0.43	0.289698	3	1.33596	5	
0.37	0.43	0.334805	4	1.32746	5	
0.38	0.43	0.379659	3	1.27407	5	
0.39	0.43	0.42421	3	1.27219	5	

0.2	0.44	0.166279	4	2.02924	3	
0.21	0.44	0.120009	4	2.07573	3	
0.22	0.44	0.0737979	4	2.1222	3	
0.23	0.44	0.0276544	4	2.16865	3	
0.24	0.44	0.0184112	3	2.21508	3	
0.25	0.44	0.0643867	4	1.62863	5	
0.26	0.44	0.0787275	4	1.60723	5	
0.27	0.44	0.0360484	4	1.58627	5	
0.28	0.44	0.00625296	4	1.50925	5	
0.29	0.44	0.0481218	3	1.49141	5	
0.3	0.44	0.0123522	3	1.47419	5	
0.31	0.44	0.0582983	4	1.45761	5	
0.32	0.44	0.10414	4	1.44169	5	
0.33	0.44	0.149863	4	1.42645	5	
0.34	0.44	0.195448	3	1.35977	5	
0.35	0.44	0.240873	4	1.34949	5	
0.36	0.44	0.286111	4	1.34011	5	
0.37	0.44	0.331129	4	1.28199	5	
0.38	0.44	0.375886	3	1.279	5	
0.39	0.44	0.417761	4	1.22986	5	

0.2	0.45	0.162298	4	2.0238	3	
0.21	0.45	0.116081	4	2.07025	3	
0.22	0.45	0.0699258	3	2.11668	3	
0.23	0.45	0.023842	3	2.16309	3	
0.24	0.45	0.0221596	4	2.20948	3	
0.25	0.45	0.0680659	4	1.63076	5	
0.26	0.45	0.0806463	4	1.6094	5	
0.27	0.45	0.0381881	4	1.53068	5	
0.28	0.45	0.00387424	4	1.51227	5	
0.29	0.45	0.0454833	4	1.49447	5	
0.3	0.45	0.00917025	4	1.4773	5	
0.31	0.45	0.0550591	4	1.46077	5	
0.32	0.45	0.10084	4	1.44489	5	
0.33	0.45	0.146497	4	1.37495	5	
0.34	0.45	0.192011	4	1.36382	5	
0.35	0.45	0.23736	4	1.35358	5	
0.36	0.45	0.282516	4	1.34423	5	
0.37	0.45	0.327444	4	1.28687	5	
0.38	0.45	0.372103	3	1.2839	5	
0.39	0.45	0.410261	3	1.23543	5	

0.2	0.46	0.158294	4	2.01831	3	
0.21	0.46	0.11213	4	2.06471	3	
0.22	0.46	0.0660324	3	2.11109	3	
0.23	0.46	0.0200099	3	2.15746	3	
0.24	0.46	0.0259257	4	2.2038	3	
0.25	0.46	0.0717606	3	1.63283	5	
0.26	0.46	0.082611	4	1.55255	5	
0.27	0.46	0.0403794	4	1.53361	5	
0.28	0.46	0.0014378	4	1.51525	5	
0.29	0.46	0.0427804	4	1.4975	5	
0.3	0.46	0.00598672	4	1.48037	5	
0.31	0.46	0.0518173	4	1.46388	5	
0.32	0.46	0.097536	3	1.44805	5	
0.33	0.46	0.143126	3	1.37892	5	
0.34	0.46	0.188569	4	1.36783	5	
0.35	0.46	0.233841	4	1.35762	5	
0.36	0.46	0.278913	4	1.29576	5	
0.37	0.46	0.32375	4	1.29171	5	
0.38	0.46	0.36831	3	1.28876	5	
0.39	0.46	0.402582	3	1.24097	5	

0.2	0.47	0.154264	4	2.01274	3	
0.21	0.47	0.108156	3	2.0591	3	
0.22	0.47	0.0621173	3	2.10544	3	
0.23	0.47	0.016158	4	2.15176	3	
0.24	0.47	0.0297097	4	2.19806	3	
0.25	0.47	0.0754709	3	1.57486	5	
0.26	0.47	0.0846218	3	1.55538	5	
0.27	0.47	0.0426225	4	1.53649	5	
0.28	0.47	0.00105667	4	1.51818	5	
0.29	0.47	0.0400128	3	1.50048	5	
0.3	0.47	0.00280151	4	1.4834	5	
0.31	0.47	0.0485729	3	1.46695	5	
0.32	0.47	0.0942284	4	1.39476	5	
0.33	0.47	0.139751	3	1.38285	5	
0.34	0.47	0.185122	4	1.3718	5	
0.35	0.47	0.230315	3	1.36163	5	
0.36	0.47	0.275302	4	1.30054	5	
0.37	0.47	0.320048	4	1.29651	5	
0.38	0.47	0.364506	3	1.24323	5	
0.39	0.47	0.394722	3	1.24648	5	

0.2	0.48	0.150209	4	2.00712	3	
0.21	0.48	0.104158	3	2.05343	3	
0.22	0.48	0.0581802	3	2.09973	3	
0.23	0.48	0.0122858	4	2.146	3	
0.24	0.48	0.0335118	4	2.19225	3	
0.25	0.48	0.0791972	4	1.57759	5	
0.26	0.48	0.0866788	3	1.55817	5	
0.27	0.48	0.0449176	4	1.53933	5	
0.28	0.48	0.00360949	4	1.52107	5	
0.29	0.48	0.0371799	4	1.50342	5	
0.3	0.48	0.000385463	4	1.48638	5	
0.31	0.48	0.0453258	4	1.41132	5	
0.32	0.48	0.0909172	4	1.39861	5	
0.33	0.48	0.136372	4	1.38674	5	
0.34	0.48	0.181668	3	1.37573	5	
0.35	0.48	0.226782	3	1.31036	5	
0.36	0.48	0.271684	4	1.30528	5	
0.37	0.48	0.316336	4	1.30128	5	
0.38	0.48	0.360158	3	1.24871	5	
0.39	0.48	0.386683	3	1.25195	5	

0.2	0.49	0.146129	4	2.00143	3	
0.21	0.49	0.100136	3	2.04769	3	
0.22	0.49	0.0542208	3	2.09394	3	
0.23	0.49	0.00839325	4	2.14017	3	
0.24	0.49	0.0373323	4	1.6002	5	
0.25	0.49	0.0829395	4	1.58028	5	
0.26	0.49	0.0887823	4	1.56092	5	
0.27	0.49	0.0472651	4	1.54212	5	
0.28	0.49	0.006221	4	1.52392	5	
0.29	0.49	0.0342814	4	1.50631	5	
0.3	0.49	0.00357424	4	1.48932	5	
0.31	0.49	0.0420759	4	1.41508	5	
0.32	0.49	0.0876023	4	1.40242	5	
0.33	0.49	0.132987	4	1.39059	5	
0.34	0.49	0.178209	3	1.37962	5	
0.35	0.49	0.223243	3	1.31504	5	
0.36	0.49	0.268057	4	1.30999	5	
0.37	0.49	0.312615	4	1.25213	5	
0.38	0.49	0.352798	4	1.25415	5	
0.39	0.49	0.378463	3	1.20741	5	

0.2	0.5	0.142022	4	1.99567	3	
0.21	0.5	0.0960903	3	2.04189	3	
0.22	0.5	0.0502387	3	2.08809	3	
0.23	0.5	0.00447995	4	2.13427	3	
0.24	0.5	0.0411715	3	1.60279	5	
0.25	0.5	0.0866981	3	1.58293	5	
0.26	0.5	0.0909324	4	1.56362	5	
0.27	0.5	0.0496651	4	1.54488	5	
0.28	0.5	0.00889154	4	1.52672	5	
0.29	0.5	0.0313169	4	1.50916	5	
0.3	0.5	0.0067649	4	1.43223	5	
0.31	0.5	0.0388233	3	1.4188	5	
0.32	0.5	0.0842837	3	1.40618	5	
0.33	0.5	0.129598	3	1.3944	5	
0.34	0.5	0.174744	4	1.32576	5	
0.35	0.5	0.219696	4	1.31968	5	
0.36	0.5	0.264423	4	1.31466	5	
0.37	0.5	0.308885	4	1.25753	5	
0.38	0.5	0.345271	3	1.25955	5	
0.39	0.5	0.370063	3	1.21343	5	

0.2	0.51	0.13789	4	1.98985	3	
0.21	0.51	0.0920195	3	2.03602	3	
0.22	0.51	0.0462338	4	2.08217	3	
0.23	0.51	0.000545631	4	2.1283	3	
0.24	0.51	0.0450296	4	1.60534	5	
0.25	0.51	0.0904733	4	1.58553	5	
0.26	0.51	0.0931295	4	1.56627	5	
0.27	0.51	0.0521181	4	1.54758	5	
0.28	0.51	0.0116215	4	1.52948	5	
0.29	0.51	0.0282859	4	1.45005	5	
0.3	0.51	0.0099575	3	1.43586	5	
0.31	0.51	0.0355678	4	1.42248	5	
0.32	0.51	0.0809613	4	1.40991	5	
0.33	0.51	0.126204	3	1.39817	5	
0.34	0.51	0.171274	4	1.33033	5	
0.35	0.51	0.216143	4	1.32428	5	
0.36	0.51	0.260781	3	1.31929	5	
0.37	0.51	0.305146	4	1.26289	5	
0.38	0.51	0.337577	3	1.26492	5	
0.39	0.51	0.361483	3	1.21943	5	

0.2	0.52	0.133731	3	1.98396	3	
0.21	0.52	0.0879236	3	2.03008	3	
0.22	0.52	0.0422056	4	2.07618	3	
0.23	0.52	0.00340999	4	2.12226	3	
0.24	0.52	0.0489067	4	1.60784	5	
0.25	0.52	0.0942651	4	1.58809	5	
0.26	0.52	0.0953737	4	1.56889	5	
0.27	0.52	0.0546243	4	1.55025	5	
0.28	0.52	0.0144112	3	1.53219	5	
0.29	0.52	0.025188	4	1.45358	5	
0.3	0.52	0.0131521	4	1.43945	5	
0.31	0.52	0.0323095	4	1.42611	5	
0.32	0.52	0.077635	4	1.41359	5	
0.33	0.52	0.122805	4	1.34191	5	
0.34	0.52	0.167797	4	1.33486	5	
0.35	0.52	0.212584	4	1.32884	5	
0.36	0.52	0.257131	3	1.26739	5	
0.37	0.52	0.303412	3	1.26822	5	
0.38	0.52	0.329716	3	1.2168	5	
0.39	0.52	0.352723	4	1.2254	5	

0.2	0.53	0.129544	3	1.978	3	
0.21	0.53	0.0838024	3	2.02408	3	
0.22	0.53	0.0381538	4	2.07013	3	
0.23	0.53	0.00738721	4	1.63054	5	
0.24	0.53	0.0528033	4	1.6103	5	
0.25	0.53	0.0980738	3	1.5906	5	
0.26	0.53	0.0976652	4	1.57146	5	
0.27	0.53	0.0571839	4	1.55287	5	
0.28	0.53	0.017261	4	1.47192	5	
0.29	0.53	0.0220228	4	1.45707	5	
0.3	0.53	0.0163487	4	1.44299	5	
0.31	0.53	0.0290481	3	1.42971	5	
0.32	0.53	0.0743049	3	1.41723	5	
0.33	0.53	0.119402	4	1.34636	5	
0.34	0.53	0.164315	3	1.33935	5	
0.35	0.53	0.209017	4	1.33337	5	
0.36	0.53	0.253473	3	1.27267	5	
0.37	0.53	0.296197	3	1.27351	5	
0.38	0.53	0.321688	3	1.22275	5	
0.39	0.53	0.343784	3	1.23134	5	

0.2	0.54	0.125331	3	1.97198	3	
0.21	0.54	0.0796555	3	2.018	3	
0.22	0.54	0.0340781	4	2.064	3	
0.23	0.54	0.0113863	3	1.6329	5	
0.24	0.54	0.0567195	3	1.61272	5	
0.25	0.54	0.1019	4	1.59307	5	
0.26	0.54	0.100004	4	1.57398	5	
0.27	0.54	0.0597974	4	1.49087	5	
0.28	0.54	0.0201714	4	1.47532	5	
0.29	0.54	0.0187897	4	1.46052	5	
0.3	0.54	0.0195475	4	1.4465	5	
0.31	0.54	0.0257838	4	1.43326	5	
0.32	0.54	0.0709709	4	1.35876	5	
0.33	0.54	0.115993	3	1.35077	5	
0.34	0.54	0.160827	3	1.3438	5	
0.35	0.54	0.205444	3	1.33786	5	
0.36	0.54	0.249808	3	1.27791	5	
0.37	0.54	0.288827	4	1.27877	5	
0.38	0.54	0.313491	4	1.22867	5	
0.39	0.54	0.334666	3	1.18514	5	

0.2	0.55	0.121089	3	1.96589	3	
0.21	0.55	0.0754825	4	2.01186	3	
0.22	0.55	0.0299782	4	2.0578	3	
0.23	0.55	0.0154076	4	1.63521	5	
0.24	0.55	0.0606557	4	1.61509	5	
0.25	0.55	0.105743	4	1.5955	5	
0.26	0.55	0.102391	4	1.51039	5	
0.27	0.55	0.062465	4	1.49416	5	
0.28	0.55	0.0231427	4	1.47867	5	
0.29	0.55	0.0154883	3	1.46393	5	
0.3	0.55	0.0227484	4	1.44996	5	
0.31	0.55	0.0225165	4	1.43677	5	
0.32	0.55	0.0676329	4	1.36309	5	
0.33	0.55	0.11258	4	1.35514	5	
0.34	0.55	0.157333	4	1.34821	5	
0.35	0.55	0.201863	3	1.28344	5	
0.36	0.55	0.246135	3	1.28311	5	
0.37	0.55	0.281301	4	1.2273	5	
0.38	0.55	0.305127	3	1.23456	5	
0.39	0.55	0.32537	3	1.19158	5	

0.2	0.56	0.11682	3	1.95973	3	
0.21	0.56	0.0712831	4	2.00565	3	
0.22	0.56	0.0258537	4	2.05153	3	
0.23	0.56	0.0194514	4	1.63748	5	
0.24	0.56	0.064612	4	1.61741	5	
0.25	0.56	0.109604	3	1.53046	5	
0.26	0.56	0.104827	4	1.51358	5	
0.27	0.56	0.0651871	4	1.49742	5	
0.28	0.56	0.0261753	4	1.48198	5	
0.29	0.56	0.012118	4	1.4673	5	
0.3	0.56	0.0259516	4	1.45338	5	
0.31	0.56	0.019246	4	1.37628	5	
0.32	0.56	0.064291	3	1.36738	5	
0.33	0.56	0.109162	4	1.35947	5	
0.34	0.56	0.153834	4	1.35258	5	
0.35	0.56	0.198276	4	1.28859	5	
0.36	0.56	0.242454	3	1.28828	5	
0.37	0.56	0.273619	4	1.23316	5	
0.38	0.56	0.296594	3	1.24042	5	
0.39	0.56	0.315896	3	1.198	5	

0.2	0.57	0.112522	3	1.9535	3	
0.21	0.57	0.0670568	4	1.99936	3	
0.22	0.57	0.0217042	4	2.04519	3	
0.23	0.57	0.0235181	4	1.6397	5	
0.24	0.57	0.0685887	4	1.55106	5	
0.25	0.57	0.113482	4	1.53355	5	
0.26	0.57	0.10731	4	1.51673	5	
0.27	0.57	0.067964	4	1.50063	5	
0.28	0.57	0.0292698	4	1.48525	5	
0.29	0.57	0.00867839	4	1.47062	5	
0.3	0.57	0.0291571	4	1.45676	5	
0.31	0.57	0.0159723	4	1.38047	5	
0.32	0.57	0.060945	4	1.37162	5	
0.33	0.57	0.105739	4	1.36377	5	
0.34	0.57	0.150328	3	1.29517	5	
0.35	0.57	0.194683	3	1.29369	5	
0.36	0.57	0.240506	3	1.29341	5	
0.37	0.57	0.26578	3	1.23899	5	
0.38	0.57	0.287892	3	1.19038	5	
0.39	0.57	0.306246	4	1.2044	5	

0.2	0.58	0.108195	3	1.9472	3	
0.21	0.58	0.0628033	4	1.99301	3	
0.22	0.58	0.0175295	3	2.03878	2	
0.23	0.58	0.0276078	4	1.57215	5	
0.24	0.58	0.0725862	4	1.55404	5	
0.25	0.58	0.117378	4	1.53659	5	
0.26	0.58	0.109843	3	1.51984	5	
0.27	0.58	0.0707961	4	1.50379	5	
0.28	0.58	0.0324265	3	1.48847	5	
0.29	0.58	0.00516883	4	1.4739	5	
0.3	0.58	0.032365	4	1.39441	5	
0.31	0.58	0.0126955	4	1.38463	5	
0.32	0.58	0.0575949	4	1.37583	5	
0.33	0.58	0.102311	3	1.36802	5	
0.34	0.58	0.146817	4	1.30021	5	
0.35	0.58	0.191082	4	1.29876	5	
0.36	0.58	0.233298	4	1.23884	5	
0.37	0.58	0.257784	3	1.24478	5	
0.38	0.58	0.279023	3	1.19677	5	
0.39	0.58	0.29642	3	1.21077	5	

0.2	0.59	0.103839	4	1.94083	3	
0.21	0.59	0.0585223	4	1.98658	3	
0.22	0.59	0.0133292	4	2.0323	3	
0.23	0.59	0.031721	4	1.57502	5	
0.24	0.59	0.0766047	3	1.55697	5	
0.25	0.59	0.121293	3	1.53959	5	
0.26	0.59	0.112424	3	1.5229	5	
0.27	0.59	0.0736837	4	1.50692	5	
0.28	0.59	0.0356459	4	1.49166	5	
0.29	0.59	0.00158879	4	1.40915	5	
0.3	0.59	0.0355753	4	1.39847	5	
0.31	0.59	0.00941537	4	1.38875	5	
0.32	0.59	0.0542407	3	1.38	5	
0.33	0.59	0.0988778	4	1.30781	5	
0.34	0.59	0.1433	3	1.30521	5	
0.35	0.59	0.187475	4	1.3038	5	
0.36	0.59	0.225944	3	1.24459	5	
0.37	0.59	0.24963	3	1.25054	5	
0.38	0.59	0.269985	3	1.20313	5	
0.39	0.59	0.28642	3	1.16344	5	

0.2	0.6	0.0994525	4	1.9344	3	
0.21	0.6	0.0542132	4	1.98009	3	
0.22	0.6	0.00910286	4	1.59648	5	
0.23	0.6	0.035858	4	1.57785	5	
0.24	0.6	0.0806444	4	1.55986	5	
0.25	0.6	0.125226	4	1.54255	5	
0.26	0.6	0.115054	3	1.52592	5	
0.27	0.6	0.0766273	3	1.51	5	
0.28	0.6	0.0389285	4	1.4948	5	
0.29	0.6	0.0020623	4	1.41311	5	
0.3	0.6	0.0387881	4	1.40249	5	
0.31	0.6	0.00613193	4	1.39282	5	
0.32	0.6	0.0508823	4	1.38413	5	
0.33	0.6	0.0954397	4	1.31273	5	
0.34	0.6	0.139777	4	1.31017	5	
0.35	0.6	0.18386	4	1.30879	5	
0.36	0.6	0.218443	3	1.25031	5	
0.37	0.6	0.241317	4	1.25627	5	
0.38	0.6	0.260779	4	1.20947	5	
0.39	0.6	0.276247	3	1.17026	5	

0.2	0.61	0.0950362	4	1.92789	3	
0.21	0.61	0.0498758	4	1.97352	3	
0.22	0.61	0.00485018	4	1.59919	5	
0.23	0.61	0.040019	4	1.58063	5	
0.24	0.61	0.0847056	4	1.56271	5	
0.25	0.61	0.129178	3	1.54546	5	
0.26	0.61	0.117734	4	1.5289	5	
0.27	0.61	0.0796272	4	1.51304	5	
0.28	0.61	0.0422747	3	1.42853	5	
0.29	0.61	0.00578506	4	1.41703	5	
0.3	0.61	0.0297135	4	1.40647	5	
0.31	0.61	0.0640679	3	1.39686	5	
0.32	0.61	0.0475197	4	1.32131	5	
0.33	0.61	0.0919965	4	1.31762	5	
0.34	0.61	0.136248	4	1.3151	5	
0.35	0.61	0.180239	3	1.25133	5	
0.36	0.61	0.210795	3	1.25599	5	
0.37	0.61	0.232846	3	1.20319	5	
0.38	0.61	0.251405	4	1.21578	5	
0.39	0.61	0.265904	3	1.17706	5	

0.2	0.62	0.0905893	4	1.9213	3	
0.21	0.62	0.0455097	4	1.96687	3	
0.22	0.62	0.000570771	4	1.60186	5	
0.23	0.62	0.0442045	4	1.58336	5	
0.24	0.62	0.0887886	4	1.56551	5	
0.25	0.62	0.133148	4	1.54833	5	
0.26	0.62	0.120464	4	1.53183	5	
0.27	0.62	0.0826838	4	1.44469	5	
0.28	0.62	0.0456852	4	1.43235	5	
0.29	0.62	0.00958009	4	1.42092	5	
0.3	0.62	0.0254987	4	1.41041	5	
0.31	0.62	0.0593933	3	1.40086	5	
0.32	0.62	0.0441528	4	1.32611	5	
0.33	0.62	0.0885482	4	1.32247	5	
0.34	0.62	0.132712	4	1.31999	5	
0.35	0.62	0.176611	3	1.25696	5	
0.36	0.62	0.202999	4	1.26164	5	
0.37	0.62	0.224215	3	1.20948	5	
0.38	0.62	0.241865	4	1.16446	5	
0.39	0.62	0.255391	3	1.18384	5	

0.2	0.63	0.0861113	3	1.91465	3	
0.21	0.63	0.0411143	4	1.96016	3	
0.22	0.63	0.00373575	4	1.60448	5	
0.23	0.63	0.0484148	4	1.58606	5	
0.24	0.63	0.0928938	4	1.56828	5	
0.25	0.63	0.137137	3	1.55116	5	
0.26	0.63	0.123244	4	1.53472	5	
0.27	0.63	0.0857977	3	1.4484	5	
0.28	0.63	0.0491603	4	1.43612	5	
0.29	0.63	0.0134481	4	1.42476	5	
0.3	0.63	0.0212022	3	1.41432	5	
0.31	0.63	0.0546273	4	1.33563	5	
0.32	0.63	0.0407817	4	1.33088	5	
0.33	0.63	0.0850948	4	1.32728	5	
0.34	0.63	0.129171	3	1.25917	5	
0.35	0.63	0.17156	4	1.26256	5	
0.36	0.63	0.195053	3	1.26726	5	
0.37	0.63	0.215425	3	1.21575	5	
0.38	0.63	0.232158	4	1.17126	5	
0.39	0.63	0.244711	3	1.1906	5	

0.2	0.64	0.0816019	3	1.90792	3	
0.21	0.64	0.0366893	4	1.95337	3	
0.22	0.64	0.00806976	4	1.60706	5	
0.23	0.64	0.0526502	4	1.58871	5	
0.24	0.64	0.0970214	3	1.57099	5	
0.25	0.64	0.141146	4	1.55394	5	
0.26	0.64	0.126075	3	1.46517	5	
0.27	0.64	0.0889691	4	1.45207	5	
0.28	0.64	0.0527008	4	1.43986	5	
0.29	0.64	0.0173896	4	1.42856	5	
0.3	0.64	0.016823	4	1.41818	5	
0.31	0.64	0.0497688	4	1.3403	5	
0.32	0.64	0.0374062	4	1.33561	5	
0.33	0.64	0.0816361	4	1.33206	5	
0.34	0.64	0.125624	4	1.26471	5	
0.35	0.64	0.164246	3	1.26812	5	
0.36	0.64	0.186958	4	1.21078	5	
0.37	0.64	0.206475	3	1.22198	5	
0.38	0.64	0.222286	3	1.17803	5	
0.39	0.64	0.233866	3	1.14262	5	

0.2	0.65	0.0770605	4	1.90112	3	
0.21	0.65	0.0322343	3	1.9465	3	
0.22	0.65	0.0124317	4	1.6096	5	
0.23	0.65	0.056911	4	1.59131	5	
0.24	0.65	0.101172	4	1.57367	5	
0.25	0.65	0.145174	4	1.48262	5	
0.26	0.65	0.128956	4	1.46873	5	
0.27	0.65	0.0921985	3	1.4557	5	
0.28	0.65	0.056307	4	1.44356	5	
0.29	0.65	0.0214054	4	1.43232	5	
0.3	0.65	0.0123603	4	1.35071	5	
0.31	0.65	0.010337	3	1.34494	5	
0.32	0.65	0.0340263	4	1.3403	5	
0.33	0.65	0.0781723	4	1.33679	5	
0.34	0.65	0.122071	4	1.27021	5	
0.35	0.65	0.156792	4	1.27366	5	
0.36	0.65	0.178713	4	1.21699	5	
0.37	0.65	0.197366	3	1.22819	5	
0.38	0.65	0.212249	3	1.18478	5	
0.39	0.65	0.222859	3	1.14977	5	

0.2	0.66	0.0724867	4	1.89425	3	
0.21	0.66	0.0277489	4	1.93956	3	
0.22	0.66	0.0168219	4	1.61209	5	
0.23	0.66	0.0611977	3	1.59387	5	
0.24	0.66	0.105345	3	1.50072	5	
0.25	0.66	0.149222	3	1.48606	5	
0.26	0.66	0.131889	3	1.47224	5	
0.27	0.66	0.0954865	4	1.45929	5	
0.28	0.66	0.0599797	4	1.44721	5	
0.29	0.66	0.0254962	3	1.43604	5	
0.3	0.66	0.00781344	4	1.35526	5	
0.31	0.66	0.0136414	4	1.34954	5	
0.32	0.66	0.0306419	3	1.34495	5	
0.33	0.66	0.0747032	4	1.27351	5	
0.34	0.66	0.118512	3	1.27568	5	
0.35	0.66	0.149198	3	1.27915	5	
0.36	0.66	0.170316	3	1.22316	5	
0.37	0.66	0.188098	4	1.1736	5	
0.38	0.66	0.202049	3	1.19151	5	
0.39	0.66	0.211692	4	1.15691	5	

0.2	0.67	0.06788	4	1.8873	3	
0.21	0.67	0.0232325	4	1.63331	5	
0.22	0.67	0.0212407	4	1.61454	5	
0.23	0.67	0.0655105	4	1.51945	5	
0.24	0.67	0.109541	4	1.50405	5	
0.25	0.67	0.153289	4	1.48946	5	
0.26	0.67	0.134873	4	1.47572	5	
0.27	0.67	0.0988334	3	1.46284	5	
0.28	0.67	0.0637194	4	1.45083	5	
0.29	0.67	0.0296627	4	1.36653	5	
0.3	0.67	0.00318144	3	1.35976	5	
0.31	0.67	0.0169496	4	1.3541	5	
0.32	0.67	0.0272531	4	1.34956	5	
0.33	0.67	0.0712288	4	1.2789	5	
0.34	0.67	0.114949	2	1.28111	5	
0.35	0.67	0.141463	4	1.21948	5	
0.36	0.67	0.161768	3	1.22931	5	
0.37	0.67	0.17867	3	1.18033	5	
0.38	0.67	0.191687	4	1.13951	5	
0.39	0.67	0.200369	3	1.16403	5	

0.2	0.68	0.06324	4	1.88028	3	
0.21	0.68	0.0186848	4	1.63564	5	
0.22	0.68	0.0256887	3	1.61694	5	
0.23	0.68	0.0698499	3	1.52265	5	
0.24	0.68	0.113761	4	1.50733	5	
0.25	0.68	0.157377	4	1.49283	5	
0.26	0.68	0.13791	4	1.47916	5	
0.27	0.68	0.10224	4	1.46634	5	
0.28	0.68	0.0675267	3	1.4544	5	
0.29	0.68	0.0339057	4	1.37093	5	
0.3	0.68	0.00153662	4	1.36422	5	
0.31	0.68	0.0202615	4	1.35862	5	
0.32	0.68	0.0238597	4	1.28331	5	
0.33	0.68	0.0677491	4	1.28426	5	
0.34	0.68	0.111375	4	1.28651	5	
0.35	0.68	0.133586	3	1.22559	5	
0.36	0.68	0.153068	4	1.23543	5	
0.37	0.68	0.169083	3	1.18703	5	
0.38	0.68	0.181165	4	1.14667	5	
0.39	0.68	0.188892	3	1.17114	5	

0.2	0.69	0.0585662	3	1.87318	3	
0.21	0.69	0.0141053	3	1.63793	5	
0.22	0.69	0.0301662	4	1.54186	5	
0.23	0.69	0.0742162	4	1.52582	5	
0.24	0.69	0.118005	3	1.51058	5	
0.25	0.69	0.161485	3	1.49615	5	
0.26	0.69	0.140998	3	1.48255	5	
0.27	0.69	0.105706	3	1.4698	5	
0.28	0.69	0.0714023	4	1.38302	5	
0.29	0.69	0.0382259	4	1.37529	5	
0.3	0.69	0.00634161	4	1.36864	5	
0.31	0.69	0.0240566	4	1.3631	5	
0.32	0.69	0.0204617	4	1.28859	5	
0.33	0.69	0.064264	4	1.28959	5	
0.34	0.69	0.103835	4	1.2232	5	
0.35	0.69	0.125566	4	1.23166	5	
0.36	0.69	0.144216	3	1.17723	5	
0.37	0.69	0.159338	4	1.19371	5	
0.38	0.69	0.170484	3	1.15381	5	
0.39	0.69	0.177264	4	1.12288	5	

0.2	0.7	0.0538581	4	1.866	3	
0.21	0.7	0.00949353	4	1.56163	5	
0.22	0.7	0.0346737	4	1.5449	5	
0.23	0.7	0.0786098	4	1.52894	5	
0.24	0.7	0.122273	4	1.51378	5	
0.25	0.7	0.165614	3	1.49942	5	
0.26	0.7	0.14414	4	1.4859	5	
0.27	0.7	0.109233	4	1.39601	5	
0.28	0.7	0.0753468	4	1.38727	5	
0.29	0.7	0.0426242	4	1.37961	5	
0.3	0.7	0.0112345	3	1.37303	5	
0.31	0.7	0.0186231	4	1.29409	5	
0.32	0.7	0.0170592	4	1.29384	5	
0.33	0.7	0.0607735	4	1.29488	5	
0.34	0.7	0.0964483	4	1.22922	5	
0.35	0.7	0.117402	3	1.2377	5	
0.36	0.7	0.135211	4	1.18389	5	
0.37	0.7	0.149435	3	1.20036	5	
0.38	0.7	0.159646	3	1.16093	5	
0.39	0.7	0.16549	3	1.13031	5	

0.2	0.71	0.0491151	4	1.85875	3	
0.21	0.71	0.004849	4	1.56454	5	
0.22	0.71	0.0392116	4	1.5479	5	
0.23	0.71	0.0830311	4	1.53202	5	
0.24	0.71	0.126566	3	1.51694	5	
0.25	0.71	0.169763	4	1.50266	5	
0.26	0.71	0.147334	3	1.48921	5	
0.27	0.71	0.112821	3	1.40015	5	
0.28	0.71	0.079361	4	1.39148	5	
0.29	0.71	0.0471014	3	1.38389	5	
0.3	0.71	0.0162163	3	1.37737	5	
0.31	0.71	0.01309	4	1.29924	5	
0.32	0.71	0.0136519	4	1.29905	5	
0.33	0.71	0.0572775	3	1.30013	5	
0.34	0.71	0.0889275	4	1.23521	5	
0.35	0.71	0.109093	4	1.24372	5	
0.36	0.71	0.126053	3	1.19053	5	
0.37	0.71	0.139375	3	1.14497	5	
0.38	0.71	0.148654	4	1.16804	5	
0.39	0.71	0.153572	3	1.13774	5	

0.2	0.72	0.0443368	4	1.85143	3	
0.21	0.72	0.000171236	4	1.56742	5	
0.22	0.72	0.0437803	4	1.55086	5	
0.23	0.72	0.0874804	3	1.53506	5	
0.24	0.72	0.130884	3	1.52005	5	
0.25	0.72	0.173933	3	1.50585	5	
0.26	0.72	0.150582	4	1.41388	5	
0.27	0.72	0.116471	3	1.40424	5	
0.28	0.72	0.0834456	3	1.39566	5	
0.29	0.72	0.0516584	3	1.38813	5	
0.3	0.72	0.0212879	4	1.30578	5	
0.31	0.72	0.0335477	4	1.30436	5	
0.32	0.72	0.01024	4	1.30422	5	
0.33	0.72	0.0590437	4	1.23403	5	
0.34	0.72	0.0812716	3	1.24117	5	
0.35	0.72	0.10064	3	1.1821	5	
0.36	0.72	0.116742	4	1.19715	5	
0.37	0.72	0.129159	4	1.1521	5	
0.38	0.72	0.13751	3	1.17512	5	
0.39	0.72	0.141515	3	1.14516	5	

0.2	0.73	0.0395227	4	1.84402	3	
0.21	0.73	0.00454025	4	1.57025	5	
0.22	0.73	0.0483802	3	1.55377	5	
0.23	0.73	0.0919582	4	1.53806	5	
0.24	0.73	0.135226	3	1.52313	5	
0.25	0.73	0.178124	3	1.509	5	
0.26	0.73	0.153884	4	1.41786	5	
0.27	0.73	0.120183	4	1.4083	5	
0.28	0.73	0.0876012	4	1.39979	5	
0.29	0.73	0.056296	4	1.39233	5	
0.3	0.73	0.0264505	4	1.31081	5	
0.31	0.73	0.0368792	4	1.30945	5	
0.32	0.73	0.00682324	4	1.30935	5	
0.33	0.73	0.0519974	3	1.23993	5	
0.34	0.73	0.0734795	4	1.24709	5	
0.35	0.73	0.0920402	4	1.18868	5	
0.36	0.73	0.107278	4	1.20373	5	
0.37	0.73	0.118788	4	1.1592	5	
0.38	0.73	0.126216	3	1.12335	5	
0.39	0.73	0.129321	3	1.15257	5	

0.2	0.74	0.0346721	4	1.59017	5	
0.21	0.74	0.00928596	4	1.57303	5	
0.22	0.74	0.053012	4	1.55664	5	
0.23	0.74	0.0964649	4	1.54101	5	
0.24	0.74	0.139594	4	1.52616	5	
0.25	0.74	0.182337	4	1.43229	5	
0.26	0.74	0.157241	3	1.4218	5	
0.27	0.74	0.123958	4	1.41232	5	
0.28	0.74	0.0918288	4	1.40388	5	
0.29	0.74	0.0610153	4	1.3965	5	
0.3	0.74	0.0317052	4	1.31579	5	
0.31	0.74	0.00411821	4	1.31449	5	
0.32	0.74	0.0214902	4	1.31445	5	
0.33	0.74	0.0448249	4	1.24579	5	
0.34	0.74	0.0655503	4	1.25299	5	
0.35	0.74	0.0832939	3	1.19524	5	
0.36	0.74	0.0976608	3	1.21029	5	
0.37	0.74	0.108264	4	1.16629	5	
0.38	0.74	0.114775	4	1.13082	5	
0.39	0.74	0.116996	3	1.10428	5	

0.2	0.75	0.0297847	4	1.59283	5	
0.21	0.75	0.0140664	3	1.57578	5	
0.22	0.75	0.0576759	3	1.55947	5	
0.23	0.75	0.101001	4	1.54392	5	
0.24	0.75	0.143988	4	1.44752	5	
0.25	0.75	0.186572	4	1.43611	5	
0.26	0.75	0.160652	4	1.4257	5	
0.27	0.75	0.127796	3	1.4163	5	
0.28	0.75	0.096129	4	1.40794	5	
0.29	0.75	0.0658171	4	1.32323	5	
0.3	0.75	0.037053	4	1.32074	5	
0.31	0.75	0.0100613	4	1.3195	5	
0.32	0.75	0.0148977	4	1.24578	5	
0.33	0.75	0.037525	3	1.25162	5	
0.34	0.75	0.0574828	3	1.18814	5	
0.35	0.75	0.0744005	4	1.20177	5	
0.36	0.75	0.0878916	4	1.15173	5	
0.37	0.75	0.0975872	3	1.17335	5	
0.38	0.75	0.10319	4	1.13827	5	
0.39	0.75	0.104543	4	1.11196	5	

0.2	0.76	0.0248597	4	1.59544	5	
0.21	0.76	0.0188821	4	1.57848	5	
0.22	0.76	0.0623726	3	1.56225	5	
0.23	0.76	0.105567	3	1.4635	5	
0.24	0.76	0.148408	4	1.45121	5	
0.25	0.76	0.190828	4	1.43988	5	
0.26	0.76	0.164119	3	1.42955	5	
0.27	0.76	0.131698	4	1.42024	5	
0.28	0.76	0.100503	3	1.33174	5	
0.29	0.76	0.0707025	3	1.32807	5	
0.3	0.76	0.0424951	4	1.32565	5	
0.31	0.76	0.01611	3	1.32447	5	
0.32	0.76	0.00818807	3	1.25153	5	
0.33	0.76	0.0300964	4	1.25741	5	
0.34	0.76	0.049276	4	1.19463	5	
0.35	0.76	0.0653595	3	1.20828	5	
0.36	0.76	0.0779704	4	1.1588	5	
0.37	0.76	0.08676	4	1.11781	5	
0.38	0.76	0.0914634	4	1.14571	5	
0.39	0.76	0.0919666	3	1.11964	5	

0.2	0.77	0.0198968	3	1.59802	5	
0.21	0.77	0.0237336	4	1.58114	5	
0.22	0.77	0.0671024	4	1.565	5	
0.23	0.77	0.110162	4	1.46706	5	
0.24	0.77	0.152855	3	1.45486	5	
0.25	0.77	0.195106	4	1.44362	5	
0.26	0.77	0.167642	3	1.43337	5	
0.27	0.77	0.135666	4	1.42414	5	
0.28	0.77	0.104951	3	1.33647	5	
0.29	0.77	0.0756725	3	1.33288	5	
0.3	0.77	0.0480328	4	1.33052	5	
0.31	0.77	0.0222656	4	1.25272	5	
0.32	0.77	0.00135978	4	1.25725	5	
0.33	0.77	0.0225378	4	1.26317	5	
0.34	0.77	0.0409291	3	1.20109	5	
0.35	0.77	0.0561705	4	1.21475	5	
0.36	0.77	0.0678977	4	1.16585	5	
0.37	0.77	0.0757843	4	1.12529	5	
0.38	0.77	0.0795992	4	1.15313	5	
0.39	0.77	0.0792704	3	1.12731	5	

0.2	0.78	0.0148952	4	1.60054	5	
0.21	0.78	0.0286215	4	1.58375	5	
0.22	0.78	0.071866	4	1.48364	5	
0.23	0.78	0.114789	4	1.47058	5	
0.24	0.78	0.157328	3	1.45846	5	
0.25	0.78	0.199407	3	1.44732	5	
0.26	0.78	0.171222	4	1.43715	5	
0.27	0.78	0.139698	4	1.34591	5	
0.28	0.78	0.109474	4	1.34117	5	
0.29	0.78	0.0807282	3	1.33765	5	
0.3	0.78	0.0536671	4	1.33536	5	
0.31	0.78	0.0285295	4	1.25836	5	
0.32	0.78	0.00558847	4	1.26294	5	
0.33	0.78	0.014848	4	1.19529	5	
0.34	0.78	0.0324411	4	1.20753	5	
0.35	0.78	0.0468334	4	1.15268	5	
0.36	0.78	0.0576744	3	1.17287	5	
0.37	0.78	0.064662	4	1.13276	5	
0.38	0.78	0.0676004	4	1.10154	5	
0.39	0.78	0.0664589	4	1.13498	5	

0.2	0.79	0.00985435	4	1.60303	5	
0.21	0.79	0.0335462	4	1.50092	5	
0.22	0.79	0.0766637	4	1.48703	5	
0.23	0.79	0.119446	3	1.47406	5	
0.24	0.79	0.161829	3	1.46203	5	
0.25	0.79	0.203729	3	1.45097	5	
0.26	0.79	0.174858	3	1.44089	5	
0.27	0.79	0.143797	4	1.35049	5	
0.28	0.79	0.114074	4	1.34582	5	
0.29	0.79	0.0858708	3	1.34238	5	
0.3	0.79	0.0593996	4	1.34015	5	
0.31	0.79	0.0349031	4	1.26396	5	
0.32	0.79	0.0126581	4	1.26859	5	
0.33	0.79	0.00702574	3	1.20167	5	
0.34	0.79	0.0238111	3	1.21393	5	
0.35	0.79	0.037348	4	1.15969	5	
0.36	0.79	0.0473014	3	1.17987	5	
0.37	0.79	0.0533955	4	1.14021	5	
0.38	0.79	0.0554704	4	1.10928	5	
0.39	0.79	0.0535361	4	1.14265	5	

0.2	0.8	0.00477373	4	1.51885	5	
0.21	0.8	0.0385084	4	1.50416	5	
0.22	0.8	0.0814962	4	1.49037	5	
0.23	0.8	0.124135	4	1.47749	5	
0.24	0.8	0.166357	3	1.46556	5	
0.25	0.8	0.208075	3	1.45458	5	
0.26	0.8	0.178552	4	1.36081	5	
0.27	0.8	0.147963	4	1.35502	5	
0.28	0.8	0.11875	4	1.35044	5	
0.29	0.8	0.0911012	3	1.34707	5	
0.3	0.8	0.0652313	3	1.26622	5	
0.31	0.8	0.0413878	4	1.26952	5	
0.32	0.8	0.0198505	4	1.2742	5	
0.33	0.8	0.000930217	4	1.20802	5	
0.34	0.8	0.0150384	4	1.2203	5	
0.35	0.8	0.0277142	3	1.16668	5	
0.36	0.8	0.0367798	4	1.12114	5	
0.37	0.8	0.0419871	3	1.14764	5	
0.38	0.8	0.0432129	4	1.11702	5	
0.39	0.8	0.0405064	3	1.09466	5	

0.2	0.81	0.000347316	4	1.52196	5	
0.21	0.81	0.0435087	4	1.50737	5	
0.22	0.81	0.086364	3	1.49367	5	
0.23	0.81	0.128856	4	1.48089	5	
0.24	0.81	0.170913	3	1.46904	5	
0.25	0.81	0.212443	4	1.45816	5	
0.26	0.81	0.182305	4	1.36522	5	
0.27	0.81	0.152197	4	1.35952	5	
0.28	0.81	0.123505	4	1.35502	5	
0.29	0.81	0.0964209	4	1.35172	5	
0.3	0.81	0.0711638	4	1.27169	5	
0.31	0.81	0.047985	4	1.27505	5	
0.32	0.81	0.027167	4	1.20348	5	
0.33	0.81	0.00902105	4	1.21434	5	
0.34	0.81	0.00612231	4	1.15487	5	
0.35	0.81	0.0179323	4	1.17364	5	
0.36	0.81	0.0261109	4	1.1286	5	
0.37	0.81	0.0304395	4	1.15505	5	
0.38	0.81	0.0308316	4	1.12475	5	
0.39	0.81	0.0273737	4	1.10255	5	

0.2	0.82	0.00550941	4	1.52502	5	
0.21	0.82	0.0485476	4	1.51053	5	
0.22	0.82	0.0912675	4	1.49693	5	
0.23	0.82	0.133609	4	1.48424	5	
0.24	0.82	0.175497	3	1.47249	5	
0.25	0.82	0.217017	3	1.37638	5	
0.26	0.82	0.186116	3	1.36959	5	
0.27	0.82	0.1565	4	1.36398	5	
0.28	0.82	0.128339	4	1.35956	5	
0.29	0.82	0.101831	4	1.27509	5	
0.3	0.82	0.0771984	3	1.27713	5	
0.31	0.82	0.0546963	3	1.28055	5	
0.32	0.82	0.0346092	4	1.20974	5	
0.33	0.82	0.0172479	4	1.22063	5	
0.34	0.82	0.00293779	4	1.16182	5	
0.35	0.82	0.00800258	4	1.18058	5	
0.36	0.82	0.0152963	4	1.13604	5	
0.37	0.82	0.0187553	4	1.10028	5	
0.38	0.82	0.0183301	4	1.13247	5	
0.39	0.82	0.0141424	4	1.11044	5	

0.2	0.83	0.0107132	3	1.52804	5	
0.21	0.83	0.0536258	4	1.51365	5	
0.22	0.83	0.0962075	4	1.50015	5	
0.23	0.83	0.138395	4	1.48756	5	
0.24	0.83	0.18011	3	1.38848	5	
0.25	0.83	0.220423	3	1.38062	5	
0.26	0.83	0.189986	3	1.37393	5	
0.27	0.83	0.160872	4	1.3684	5	
0.28	0.83	0.133254	4	1.36406	5	
0.29	0.83	0.107333	3	1.28042	5	
0.3	0.83	0.0833365	4	1.28253	5	
0.31	0.83	0.0615231	4	1.28601	5	
0.32	0.83	0.0421785	3	1.21596	5	
0.33	0.83	0.0148876	4	1.22689	5	
0.34	0.83	0.0121424	3	1.16873	5	
0.35	0.83	0.00207456	4	1.18749	5	
0.36	0.83	0.00433756	4	1.14346	5	
0.37	0.83	0.00693758	4	1.10807	5	
0.38	0.83	0.00571219	4	1.14019	5	
0.39	0.83	0.000816229	4	1.11834	5	

0.2	0.84	0.0159594	4	1.53102	5	
0.21	0.84	0.0587439	3	1.51673	5	
0.22	0.84	0.101184	3	1.50333	5	
0.23	0.84	0.143215	3	1.49083	5	
0.24	0.84	0.184751	3	1.39259	5	
0.25	0.84	0.223879	4	1.38483	5	
0.26	0.84	0.193917	3	1.37822	5	
0.27	0.84	0.165314	4	1.37278	5	
0.28	0.84	0.138249	4	1.28491	5	
0.29	0.84	0.112927	4	1.28571	5	
0.3	0.84	0.0895797	4	1.28789	5	
0.31	0.84	0.068467	3	1.21264	5	
0.32	0.84	0.0310886	4	1.22215	5	
0.33	0.84	0.0113173	4	1.15827	5	
0.34	0.84	0.0214919	4	1.17562	5	
0.35	0.84	0.0122985	3	1.12577	5	
0.36	0.84	0.0067634	4	1.15087	5	
0.37	0.84	0.00501069	4	1.11584	5	
0.38	0.84	0.0070182	4	1.08928	5	
0.39	0.84	0.0126007	4	1.12623	5	

0.2	0.85	0.0212485	3	1.53396	5	
0.21	0.85	0.0639024	4	1.51977	5	
0.22	0.85	0.106199	3	1.50646	5	
0.23	0.85	0.148068	3	1.40545	5	
0.24	0.85	0.189422	3	1.39665	5	
0.25	0.85	0.227386	4	1.38899	5	
0.26	0.85	0.197908	3	1.38248	5	
0.27	0.85	0.169828	4	1.37713	5	
0.28	0.85	0.143328	4	1.29009	5	
0.29	0.85	0.118617	4	1.29097	5	
0.3	0.85	0.0959295	3	1.29322	5	
0.31	0.85	0.0755295	4	1.21876	5	
0.32	0.85	0.0345662	4	1.22831	5	
0.33	0.85	0.00774105	3	1.16512	5	
0.34	0.85	0.0309866	4	1.18248	5	
0.35	0.85	0.0226683	4	1.13318	5	
0.36	0.85	0.0180045	4	1.09264	5	
0.37	0.85	0.0170863	4	1.1236	5	
0.38	0.85	0.0198573	4	1.09727	5	
0.39	0.85	0.0261045	4	1.13414	5	

0.2	0.86	0.0265814	4	1.53686	5	
0.21	0.86	0.0691022	4	1.52277	5	
0.22	0.86	0.111251	4	1.50955	5	
0.23	0.86	0.152956	3	1.40937	5	
0.24	0.86	0.194123	3	1.40068	5	
0.25	0.86	0.230945	4	1.39312	5	
0.26	0.86	0.201961	3	1.3867	5	
0.27	0.86	0.174414	3	1.29563	5	
0.28	0.86	0.14849	4	1.29523	5	
0.29	0.86	0.124402	3	1.2962	5	
0.3	0.86	0.102388	3	1.21671	5	
0.31	0.86	0.0805781	4	1.22484	5	
0.32	0.86	0.0380491	4	1.23444	5	
0.33	0.86	0.00415875	4	1.17194	5	
0.34	0.86	0.046005	4	1.18931	5	
0.35	0.86	0.0331832	4	1.14058	5	
0.36	0.86	0.0293836	4	1.10045	5	
0.37	0.86	0.029286	4	1.13136	5	
0.38	0.86	0.0328011	4	1.10525	5	
0.39	0.86	0.0396916	4	1.14204	5	

0.2	0.87	0.0319587	3	1.53971	5	
0.21	0.87	0.0743439	3	1.52572	5	
0.22	0.87	0.116343	4	1.42295	5	
0.23	0.87	0.157879	4	1.41326	5	
0.24	0.87	0.198854	3	1.40467	5	
0.25	0.87	0.234555	4	1.39721	5	
0.26	0.87	0.206076	3	1.39088	5	
0.27	0.87	0.179073	4	1.30065	5	
0.28	0.87	0.153737	3	1.30034	5	
0.29	0.87	0.130284	3	1.30138	5	
0.3	0.87	0.108955	4	1.2227	5	
0.31	0.87	0.0839714	4	1.23089	5	
0.32	0.87	0.0415375	4	1.1628	5	
0.33	0.87	0.00057038	4	1.17874	5	
0.34	0.87	0.0423113	3	1.12423	5	
0.35	0.87	0.0438419	4	1.14795	5	
0.36	0.87	0.0408983	4	1.10825	5	
0.37	0.87	0.0416063	4	1.0773	5	
0.38	0.87	0.045846	3	1.11324	5	
0.39	0.87	0.0533581	4	1.09437	5	

0.2	0.88	0.0373812	4	1.54252	5	
0.21	0.88	0.0796281	4	1.43736	5	
0.22	0.88	0.121474	4	1.42669	5	
0.23	0.88	0.162837	4	1.41711	5	
0.24	0.88	0.203616	4	1.40862	5	
0.25	0.88	0.243676	3	1.40125	5	
0.26	0.88	0.210254	3	1.30721	5	
0.27	0.88	0.183807	4	1.30564	5	
0.28	0.88	0.159071	3	1.30541	5	
0.29	0.88	0.136265	4	1.30653	5	
0.3	0.88	0.115635	3	1.22866	5	
0.31	0.88	0.0873696	4	1.2369	5	
0.32	0.88	0.0450313	4	1.16955	5	
0.33	0.88	0.00302411	4	1.1855	5	
0.34	0.88	0.0386107	4	1.13159	5	
0.35	0.88	0.054643	4	1.1553	5	
0.36	0.88	0.0525459	3	1.11603	5	
0.37	0.88	0.0540438	4	1.08536	5	
0.38	0.88	0.058988	4	1.12122	5	
0.39	0.88	0.0671006	3	1.10246	5	

0.2	0.89	0.0428495	4	1.45255	5	
0.21	0.89	0.0849555	4	1.44095	5	
0.22	0.89	0.126644	4	1.43039	5	
0.23	0.89	0.167832	4	1.42092	5	
0.24	0.89	0.208408	3	1.41253	5	
0.25	0.89	0.241933	4	1.40526	5	
0.26	0.89	0.214495	4	1.31206	5	
0.27	0.89	0.188616	3	1.31059	5	
0.28	0.89	0.164492	4	1.31045	5	
0.29	0.89	0.142347	3	1.22775	5	
0.3	0.89	0.122427	3	1.23458	5	
0.31	0.89	0.0907726	3	1.24288	5	
0.32	0.89	0.0485307	4	1.17626	5	
0.33	0.89	0.00662477	4	1.19224	5	
0.34	0.89	0.0349034	4	1.13894	5	
0.35	0.89	0.0655851	3	1.09415	5	
0.36	0.89	0.0643237	4	1.1238	5	
0.37	0.89	0.0665949	3	1.09342	5	
0.38	0.89	0.0722234	4	1.1292	5	
0.39	0.89	0.0809156	4	1.11056	5	

0.2	0.9	0.0483645	4	1.45599	5	
0.21	0.9	0.090327	3	1.4445	5	
0.22	0.9	0.131856	4	1.43406	5	
0.23	0.9	0.172863	3	1.42468	5	
0.24	0.9	0.213232	3	1.4164	5	
0.25	0.9	0.245702	3	1.31959	5	
0.26	0.9	0.218802	4	1.31689	5	
0.27	0.9	0.193502	4	1.3155	5	
0.28	0.9	0.170003	3	1.31545	5	
0.29	0.9	0.148531	3	1.23357	5	
0.3	0.9	0.129335	4	1.24047	5	
0.31	0.9	0.0941805	4	1.16841	5	
0.32	0.9	0.0520356	4	1.18294	5	
0.33	0.9	0.0102316	4	1.12392	5	
0.34	0.9	0.0311892	4	1.14626	5	
0.35	0.9	0.0766663	4	1.10195	5	
0.36	0.9	0.0762289	4	1.13156	5	
0.37	0.9	0.0792561	4	1.10148	5	
0.38	0.9	0.0855486	4	1.07896	5	
0.39	0.9	0.0948	3	1.11867	5	

0.2	0.91	0.0539268	4	1.45939	5	
0.21	0.91	0.0957431	4	1.44801	5	
0.22	0.91	0.137109	4	1.43768	5	
0.23	0.91	0.177931	3	1.42841	5	
0.24	0.91	0.218089	2	1.42023	5	
0.25	0.91	0.249524	3	1.32428	5	
0.26	0.91	0.223174	3	1.32167	5	
0.27	0.91	0.198465	3	1.32038	5	
0.28	0.91	0.175605	4	1.23386	5	
0.29	0.91	0.154819	4	1.23936	5	
0.3	0.91	0.136359	3	1.24633	5	
0.31	0.91	0.0975934	3	1.17503	5	
0.32	0.91	0.0555462	3	1.1896	5	
0.33	0.91	0.0138447	4	1.13123	5	
0.34	0.91	0.0274682	4	1.15355	5	
0.35	0.91	0.0683433	4	1.10974	5	
0.36	0.91	0.0882584	3	1.07473	5	
0.37	0.91	0.0920237	3	1.10953	5	
0.38	0.91	0.0989598	4	1.08717	5	
0.39	0.91	0.10875	4	1.12679	5	

0.2	0.92	0.0595374	4	1.46275	5	
0.21	0.92	0.101205	3	1.45148	5	
0.22	0.92	0.142404	4	1.44126	5	
0.23	0.92	0.183037	4	1.4321	5	
0.24	0.92	0.222976	3	1.33273	5	
0.25	0.92	0.253402	4	1.32892	5	
0.26	0.92	0.227612	4	1.32642	5	
0.27	0.92	0.203508	3	1.32522	5	
0.28	0.92	0.181298	4	1.23954	5	
0.29	0.92	0.161213	3	1.24512	5	
0.3	0.92	0.143274	4	1.25215	5	
0.31	0.92	0.101011	4	1.18161	5	
0.32	0.92	0.0590624	4	1.19622	5	
0.33	0.92	0.0174641	3	1.1385	5	
0.34	0.92	0.0237403	4	1.08914	5	
0.35	0.92	0.0645011	4	1.1175	5	
0.36	0.92	0.100409	3	1.08285	5	
0.37	0.92	0.104894	4	1.11757	5	
0.38	0.92	0.112453	3	1.09538	5	
0.39	0.92	0.122764	3	1.13493	5	

0.2	0.93	0.0651971	4	1.46606	5	
0.21	0.93	0.106713	3	1.45491	5	
0.22	0.93	0.147742	4	1.4448	5	
0.23	0.93	0.188182	4	1.34223	5	
0.24	0.93	0.227897	3	1.33724	5	
0.25	0.93	0.257334	3	1.33353	5	
0.26	0.93	0.232118	3	1.33113	5	
0.27	0.93	0.208632	3	1.24101	5	
0.28	0.93	0.187086	3	1.24519	5	
0.29	0.93	0.167714	4	1.25084	5	
0.3	0.93	0.146602	4	1.17501	5	
0.31	0.93	0.104434	3	1.18817	5	
0.32	0.93	0.0625843	3	1.12481	5	
0.33	0.93	0.0210898	4	1.14575	5	
0.34	0.93	0.0200054	4	1.09693	5	
0.35	0.93	0.0606514	4	1.12526	5	
0.36	0.93	0.112678	3	1.09095	5	
0.37	0.93	0.117864	3	1.12562	5	
0.38	0.93	0.126026	3	1.1036	5	
0.39	0.93	0.136837	4	1.14307	5	

0.2	0.94	0.0709066	3	1.46934	5	
0.21	0.94	0.112268	3	1.45831	5	
0.22	0.94	0.153124	3	1.44831	5	
0.23	0.94	0.193365	3	1.34658	5	
0.24	0.94	0.23285	4	1.3417	5	
0.25	0.94	0.261322	4	1.33811	5	
0.26	0.94	0.236692	3	1.3358	5	
0.27	0.94	0.213837	3	1.24653	5	
0.28	0.94	0.19297	4	1.2508	5	
0.29	0.94	0.174325	3	1.25653	5	
0.3	0.94	0.149936	4	1.18149	5	
0.31	0.94	0.107863	4	1.1947	5	
0.32	0.94	0.0661119	4	1.13203	5	
0.33	0.94	0.0247219	3	1.15298	5	
0.34	0.94	0.0162636	3	1.10469	5	
0.35	0.94	0.0567942	3	1.13299	5	
0.36	0.94	0.0968113	3	1.09905	5	
0.37	0.94	0.130929	3	1.07303	5	
0.38	0.94	0.139675	4	1.11183	5	
0.39	0.94	0.150968	4	1.15122	5	

0.2	0.95	0.0766669	4	1.47258	5	
0.21	0.95	0.117871	3	1.46166	5	
0.22	0.95	0.15855	3	1.35693	5	
0.23	0.95	0.198589	3	1.3509	5	
0.24	0.95	0.237838	3	1.34613	5	
0.25	0.95	0.265366	4	1.34264	5	
0.26	0.95	0.241336	4	1.34043	5	
0.27	0.95	0.219126	4	1.25202	5	
0.28	0.95	0.198951	3	1.25637	5	
0.29	0.95	0.181048	3	1.1762	5	
0.3	0.95	0.153273	4	1.18794	5	
0.31	0.95	0.111296	3	1.20119	5	
0.32	0.95	0.0696454	3	1.13922	5	
0.33	0.95	0.0283604	4	1.16018	5	
0.34	0.95	0.0125148	4	1.11244	5	
0.35	0.95	0.0529293	4	1.07352	5	
0.36	0.95	0.0928244	4	1.10714	5	
0.37	0.95	0.132132	3	1.08135	5	
0.38	0.95	0.153396	4	1.12007	5	
0.39	0.95	0.165154	4	1.10368	5	

0.2	0.96	0.0824789	4	1.47578	5	
0.21	0.96	0.123523	4	1.46497	5	
0.22	0.96	0.164021	3	1.36108	5	
0.23	0.96	0.203853	3	1.35517	5	
0.24	0.96	0.242859	3	1.35052	5	
0.25	0.96	0.269467	3	1.34714	5	
0.26	0.96	0.246051	4	1.25448	5	
0.27	0.96	0.224499	3	1.25747	5	
0.28	0.96	0.205032	3	1.26191	5	
0.29	0.96	0.187884	4	1.18255	5	
0.3	0.96	0.156616	4	1.19435	5	
0.31	0.96	0.114735	4	1.12684	5	
0.32	0.96	0.0731847	4	1.14638	5	
0.33	0.96	0.0320054	4	1.09314	5	
0.34	0.96	0.00875896	4	1.12017	5	
0.35	0.96	0.0490569	3	1.08165	5	
0.36	0.96	0.0888293	3	1.11523	5	
0.37	0.96	0.128008	4	1.08966	5	
0.38	0.96	0.166513	3	1.12831	5	
0.39	0.96	0.179391	3	1.112	5	

0.2	0.97	0.0883434	4	1.47893	5	
0.21	0.97	0.129225	4	1.37223	5	
0.22	0.97	0.169539	4	1.3652	5	
0.23	0.97	0.209158	3	1.35941	5	
0.24	0.97	0.247915	4	1.35487	5	
0.25	0.97	0.273626	3	1.3516	5	
0.26	0.97	0.250837	3	1.2598	5	
0.27	0.97	0.22996	3	1.26289	5	
0.28	0.97	0.211214	3	1.26742	5	
0.29	0.97	0.194835	3	1.18887	5	
0.3	0.97	0.159963	3	1.20074	5	
0.31	0.97	0.118178	3	1.13395	5	
0.32	0.97	0.0767299	3	1.15352	5	
0.33	0.97	0.0356568	4	1.10086	5	
0.34	0.97	0.00499603	4	1.12788	5	
0.35	0.97	0.0451769	4	1.08978	5	
0.36	0.97	0.0848262	4	1.06006	5	
0.37	0.97	0.123875	4	1.09798	5	
0.38	0.97	0.162244	4	1.13655	5	
0.39	0.97	0.193679	3	1.12034	5	

0.2	0.98	0.0942614	3	1.38431	5	
0.21	0.98	0.134977	4	1.37619	5	
0.22	0.98	0.175103	4	1.36929	5	
0.23	0.98	0.214506	3	1.36362	5	
0.24	0.98	0.253006	3	1.35919	5	
0.25	0.98	0.277844	3	1.26335	5	
0.26	0.98	0.255697	3	1.26509	5	
0.27	0.98	0.235508	3	1.26827	5	
0.28	0.98	0.2175	3	1.18476	5	
0.29	0.98	0.201905	4	1.19516	5	
0.3	0.98	0.163315	4	1.20709	5	
0.31	0.98	0.121628	4	1.14104	5	
0.32	0.98	0.0802811	4	1.16063	5	
0.33	0.98	0.0393148	4	1.10857	5	
0.34	0.98	0.001226	4	1.06541	5	
0.35	0.98	0.0412892	4	1.0979	5	
0.36	0.98	0.0808148	4	1.06845	5	
0.37	0.98	0.119734	3	1.1063	5	
0.38	0.98	0.157966	4	1.08719	5	
0.39	0.98	0.195418	4	1.1287	5	

0.2	0.99	0.100234	3	1.3881	5	
0.21	0.99	0.140781	3	1.38011	5	
0.22	0.99	0.180715	3	1.37333	5	
0.23	0.99	0.219896	3	1.36778	5	
0.24	0.99	0.258132	3	1.36347	5	
0.25	0.99	0.282121	3	1.2685	5	
0.26	0.99	0.260631	3	1.27034	5	
0.27	0.99	0.241147	4	1.27362	5	
0.28	0.99	0.223891	3	1.19094	5	
0.29	0.99	0.209095	3	1.20142	5	
0.3	0.99	0.166671	3	1.12994	5	
0.31	0.99	0.125082	3	1.14809	5	
0.32	0.99	0.0838383	4	1.09054	5	
0.33	0.99	0.0429793	4	1.11626	5	
0.34	0.99	0.00255117	4	1.07356	5	
0.35	0.99	0.0373938	4	1.10601	5	
0.36	0.99	0.0767953	4	1.07685	5	
0.37	0.99	0.115584	4	1.11462	5	
0.38	0.99	0.153679	3	1.09564	5	
0.39	0.99	0.190987	3	1.13707	5	

