#1:t	2:m	3:gap1	4:kx_itr1	5:gap2	6:kx_itr2	7:...
0.3	1	0.170033	3	1.19275	5	
0.302	1	0.161709	3	1.19565	5	
0.304	1	0.153397	3	1.1986	5	
0.306	1	0.145099	3	1.20161	5	
0.308	1	0.136814	3	1.16518	5	
0.31	1	0.128542	3	1.16877	5	
0.312	1	0.120285	3	1.17243	5	
0.314	1	0.112042	3	1.17614	5	
0.316	1	0.103813	3	1.17991	5	
0.318	1	0.0955999	3	1.14572	5	
0.32	1	0.0874015	3	1.15007	5	
0.322	1	0.0792187	3	1.15448	5	
0.324	1	0.0710519	3	1.15894	5	
0.326	1	0.0629013	4	1.12665	5	
0.328	1	0.0547674	3	1.13168	5	
0.33	1	0.0466505	3	1.13677	5	
0.332	1	0.0385511	3	1.1419	5	
0.334	1	0.0304694	3	1.14708	5	
0.336	1	0.022406	3	1.11731	5	
0.338	1	0.0143612	3	1.12304	5	
0.34	1	0.00633553	3	1.12881	5	
0.342	1	0.00167064	4	1.13464	5	
0.344	1	0.00965682	4	1.10687	5	
0.346	1	0.0176225	3	1.1132	5	
0.348	1	0.0255673	3	1.11958	5	
0.35	1	0.0334907	4	1.12599	5	
0.352	1	0.0413921	3	1.13244	5	
0.354	1	0.049271	3	1.10705	5	
0.356	1	0.057127	3	1.11397	5	
0.358	1	0.0649593	3	1.12092	5	
0.36	1	0.0727675	3	1.1279	5	
0.362	1	0.080551	3	1.13492	5	
0.364	1	0.0883091	3	1.11166	5	
0.366	1	0.0960412	3	1.11908	5	
0.368	1	0.103747	3	1.12653	5	
0.37	1	0.111425	3	1.13401	5	
0.372	1	0.119075	3	1.14152	5	
0.374	1	0.126697	3	1.14905	5	
0.376	1	0.134289	3	1.1279	5	
0.378	1	0.141851	3	1.13577	5	
0.38	1	0.149383	3	1.14366	5	
0.382	1	0.156882	3	1.15158	5	
0.384	1	0.164349	3	1.15951	5	
0.386	1	0.171783	3	1.16747	5	
0.388	1	0.179183	3	1.17545	5	
0.39	1	0.186547	3	1.18344	5	
0.392	1	0.193876	3	1.19146	5	
0.394	1	0.201167	3	1.17261	5	
0.396	1	0.208421	3	1.18088	5	
0.398	1	0.215636	3	1.18917	5	
0.4	1	0.222811	3	1.19747	5	

0.3	1.005	0.171716	3	1.19601	5	
0.302	1.005	0.163401	3	1.1989	5	
0.304	1.005	0.155099	3	1.20186	5	
0.306	1.005	0.146811	3	1.16508	5	
0.308	1.005	0.138536	2	1.16862	5	
0.31	1.005	0.130275	3	1.17222	5	
0.312	1.005	0.122027	3	1.17588	5	
0.314	1.005	0.113794	3	1.17959	5	
0.316	1.005	0.105576	3	1.14504	5	
0.318	1.005	0.0973732	3	1.14934	5	
0.32	1.005	0.0891854	3	1.15369	5	
0.322	1.005	0.0810132	3	1.1581	5	
0.324	1.005	0.0728571	3	1.16256	5	
0.326	1.005	0.0647174	3	1.13043	5	
0.328	1.005	0.0565944	3	1.13546	5	
0.33	1.005	0.0484886	3	1.14054	5	
0.332	1.005	0.0404003	3	1.14567	5	
0.334	1.005	0.0323299	3	1.11553	5	
0.336	1.005	0.0242778	3	1.12121	5	
0.338	1.005	0.0162445	3	1.12694	5	
0.34	1.005	0.00823041	4	1.13272	5	
0.342	1.005	0.000235927	4	1.1046	5	
0.344	1.005	0.00773846	3	1.11089	5	
0.346	1.005	0.0156923	4	1.11721	5	
0.348	1.005	0.023625	3	1.12358	5	
0.35	1.005	0.0315362	4	1.12999	5	
0.352	1.005	0.0394254	3	1.10427	5	
0.354	1.005	0.0472919	3	1.11115	5	
0.356	1.005	0.0551354	3	1.11806	5	
0.358	1.005	0.0629551	3	1.125	5	
0.36	1.005	0.0707505	3	1.13198	5	
0.362	1.005	0.0785211	3	1.10842	5	
0.364	1.005	0.0862663	3	1.11581	5	
0.366	1.005	0.0939853	3	1.12323	5	
0.368	1.005	0.101678	3	1.13067	5	
0.37	1.005	0.109342	3	1.13815	5	
0.372	1.005	0.116979	3	1.14565	5	
0.374	1.005	0.124587	3	1.12424	5	
0.376	1.005	0.132166	3	1.13208	5	
0.378	1.005	0.139714	3	1.13994	5	
0.38	1.005	0.147231	3	1.14783	5	
0.382	1.005	0.154717	3	1.15574	5	
0.384	1.005	0.162169	3	1.16367	5	
0.386	1.005	0.169589	3	1.17162	5	
0.388	1.005	0.176974	3	1.17959	5	
0.39	1.005	0.184324	3	1.18758	5	
0.392	1.005	0.191637	3	1.16853	5	
0.394	1.005	0.198914	3	1.17678	5	
0.396	1.005	0.206152	3	1.18505	5	
0.398	1.005	0.213352	3	1.19333	5	
0.4	1.005	0.220512	3	1.20162	5	

0.3	1.01	0.173399	3	1.19925	5	
0.302	1.01	0.165095	3	1.20215	5	
0.304	1.01	0.156803	3	1.20511	5	
0.306	1.01	0.148524	3	1.16851	5	
0.308	1.01	0.140259	3	1.17206	5	
0.31	1.01	0.132008	3	1.17566	5	
0.312	1.01	0.123771	3	1.17932	5	
0.314	1.01	0.115548	3	1.14441	5	
0.316	1.01	0.107341	3	1.14865	5	
0.318	1.01	0.099148	3	1.15295	5	
0.32	1.01	0.0909708	3	1.15731	5	
0.322	1.01	0.0828093	3	1.16172	5	
0.324	1.01	0.074664	3	1.12922	5	
0.326	1.01	0.0665351	3	1.1342	5	
0.328	1.01	0.0584231	4	1.13923	5	
0.33	1.01	0.0503284	3	1.14431	5	
0.332	1.01	0.0422512	3	1.11381	5	
0.334	1.01	0.0341921	3	1.11944	5	
0.336	1.01	0.0261514	3	1.12512	5	
0.338	1.01	0.0181296	3	1.13084	5	
0.34	1.01	0.0101271	4	1.13661	5	
0.342	1.01	0.00214433	4	1.10861	5	
0.344	1.01	0.00581823	3	1.1149	5	
0.346	1.01	0.0137601	4	1.12122	5	
0.348	1.01	0.0216808	3	1.12759	5	
0.35	1.01	0.0295799	3	1.10154	5	
0.352	1.01	0.0374567	4	1.10837	5	
0.354	1.01	0.0453109	3	1.11524	5	
0.356	1.01	0.0531418	3	1.12215	5	
0.358	1.01	0.0609488	3	1.12909	5	
0.36	1.01	0.0687315	3	1.10523	5	
0.362	1.01	0.0764892	3	1.11258	5	
0.364	1.01	0.0842213	3	1.11997	5	
0.366	1.01	0.0919272	3	1.12738	5	
0.368	1.01	0.0996062	3	1.13482	5	
0.37	1.01	0.107258	3	1.14228	5	
0.372	1.01	0.114881	3	1.14978	5	
0.374	1.01	0.122475	3	1.12843	5	
0.376	1.01	0.13004	3	1.13626	5	
0.378	1.01	0.137574	3	1.14412	5	
0.38	1.01	0.145078	3	1.152	5	
0.382	1.01	0.152549	3	1.1599	5	
0.384	1.01	0.159987	3	1.16782	5	
0.386	1.01	0.167392	3	1.17577	5	
0.388	1.01	0.174763	3	1.18373	5	
0.39	1.01	0.182098	3	1.16449	5	
0.392	1.01	0.189397	3	1.17271	5	
0.394	1.01	0.196658	3	1.18096	5	
0.396	1.01	0.203882	3	1.18921	5	
0.398	1.01	0.211066	3	1.19749	5	
0.4	1.01	0.21821	3	1.20578	5	

0.3	1.015	0.175084	3	1.20248	5	
0.302	1.015	0.166789	2	1.20539	5	
0.304	1.015	0.158507	3	1.16845	5	
0.306	1.015	0.150239	3	1.17194	5	
0.308	1.015	0.141984	3	1.17549	5	
0.31	1.015	0.133743	3	1.17909	5	
0.312	1.015	0.125516	3	1.18276	5	
0.314	1.015	0.117304	3	1.14801	5	
0.316	1.015	0.109107	3	1.15226	5	
0.318	1.015	0.100924	3	1.15656	5	
0.32	1.015	0.0927577	3	1.16092	5	
0.322	1.015	0.084607	3	1.12805	5	
0.324	1.015	0.0764724	3	1.13298	5	
0.326	1.015	0.0683545	3	1.13796	5	
0.328	1.015	0.0602535	4	1.14299	5	
0.33	1.015	0.0521698	4	1.14807	5	
0.332	1.015	0.0441038	3	1.11771	5	
0.334	1.015	0.036056	3	1.12334	5	
0.336	1.015	0.0280268	3	1.12901	5	
0.338	1.015	0.0200165	3	1.13474	5	
0.34	1.015	0.0120256	4	1.10639	5	
0.342	1.015	0.00405457	4	1.11263	5	
0.344	1.015	0.00389614	4	1.11891	5	
0.346	1.015	0.011826	4	1.12523	5	
0.348	1.015	0.0197347	3	1.13159	5	
0.35	1.015	0.0276215	3	1.10564	5	
0.352	1.015	0.0354861	4	1.11247	5	
0.354	1.015	0.0433278	4	1.11934	5	
0.356	1.015	0.0511461	3	1.12624	5	
0.358	1.015	0.0589405	3	1.13317	5	
0.36	1.015	0.0667104	3	1.1094	5	
0.362	1.015	0.0744552	3	1.11674	5	
0.364	1.015	0.0821743	3	1.12412	5	
0.366	1.015	0.089867	3	1.13152	5	
0.368	1.015	0.0975327	3	1.13896	5	
0.37	1.015	0.105171	3	1.14642	5	
0.372	1.015	0.112781	3	1.12482	5	
0.374	1.015	0.120361	3	1.13262	5	
0.376	1.015	0.127912	3	1.14045	5	
0.378	1.015	0.135433	3	1.1483	5	
0.38	1.015	0.142922	3	1.15617	5	
0.382	1.015	0.150379	3	1.16407	5	
0.384	1.015	0.157803	3	1.17198	5	
0.386	1.015	0.165193	3	1.17992	5	
0.388	1.015	0.172549	2	1.16047	5	
0.39	1.015	0.179869	3	1.16868	5	
0.392	1.015	0.187153	3	1.1769	5	
0.394	1.015	0.1944	3	1.18513	5	
0.396	1.015	0.201609	3	1.19338	5	
0.398	1.015	0.208778	3	1.20165	5	
0.4	1.015	0.215906	3	1.20993	5	

0.3	1.02	0.176771	3	1.20571	5	
0.302	1.02	0.168486	3	1.16842	5	
0.304	1.02	0.160214	3	1.17186	5	
0.306	1.02	0.151955	3	1.17535	5	
0.308	1.02	0.14371	3	1.17891	5	
0.31	1.02	0.135479	3	1.18252	5	
0.312	1.02	0.127263	3	1.14742	5	
0.314	1.02	0.119061	3	1.15161	5	
0.316	1.02	0.110874	3	1.15586	5	
0.318	1.02	0.102702	3	1.16016	5	
0.32	1.02	0.0945462	3	1.12693	5	
0.322	1.02	0.0864062	3	1.13181	5	
0.324	1.02	0.0782825	3	1.13674	5	
0.326	1.02	0.0701754	3	1.14172	5	
0.328	1.02	0.0620854	3	1.14675	5	
0.33	1.02	0.0540129	3	1.11602	5	
0.332	1.02	0.0459582	3	1.1216	5	
0.334	1.02	0.0379217	3	1.12723	5	
0.336	1.02	0.0299039	3	1.13291	5	
0.338	1.02	0.0219051	3	1.10421	5	
0.34	1.02	0.0139259	4	1.1104	5	
0.342	1.02	0.00596665	4	1.11664	5	
0.344	1.02	0.00197217	4	1.12291	5	
0.346	1.02	0.0098901	4	1.12923	5	
0.348	1.02	0.0177866	4	1.10295	5	
0.35	1.02	0.0256613	3	1.10974	5	
0.352	1.02	0.0335135	3	1.11657	5	
0.354	1.02	0.0413427	4	1.12343	5	
0.356	1.02	0.0491485	4	1.13032	5	
0.358	1.02	0.0569302	3	1.10625	5	
0.36	1.02	0.0646873	3	1.11356	5	
0.362	1.02	0.0724191	3	1.1209	5	
0.364	1.02	0.0801251	3	1.12827	5	
0.366	1.02	0.0878047	3	1.13567	5	
0.368	1.02	0.0954571	3	1.1431	5	
0.37	1.02	0.103082	3	1.12124	5	
0.372	1.02	0.110678	3	1.12902	5	
0.374	1.02	0.118245	3	1.13681	5	
0.376	1.02	0.125782	3	1.14464	5	
0.378	1.02	0.133288	3	1.15248	5	
0.38	1.02	0.140763	3	1.16035	5	
0.382	1.02	0.148206	3	1.16823	5	
0.384	1.02	0.155616	3	1.17614	5	
0.386	1.02	0.162992	3	1.15649	5	
0.388	1.02	0.170333	3	1.16467	5	
0.39	1.02	0.177639	3	1.17287	5	
0.392	1.02	0.184908	3	1.18108	5	
0.394	1.02	0.19214	3	1.18931	5	
0.396	1.02	0.199333	3	1.19756	5	
0.398	1.02	0.206487	3	1.20582	5	
0.4	1.02	0.2136	3	1.21409	5	

0.3	1.025	0.178458	3	1.16844	5	
0.302	1.025	0.170183	3	1.17182	5	
0.304	1.025	0.161921	3	1.17526	5	
0.306	1.025	0.153672	3	1.17876	5	
0.308	1.025	0.145438	3	1.18232	5	
0.31	1.025	0.137217	3	1.14687	5	
0.312	1.025	0.129011	3	1.15101	5	
0.314	1.025	0.120819	3	1.1552	5	
0.316	1.025	0.112643	3	1.15945	5	
0.318	1.025	0.104482	3	1.16375	5	
0.32	1.025	0.0963363	3	1.13068	5	
0.322	1.025	0.088207	3	1.13556	5	
0.324	1.025	0.0800941	3	1.14049	5	
0.326	1.025	0.071998	3	1.14547	5	
0.328	1.025	0.0639191	3	1.11438	5	
0.33	1.025	0.0558577	3	1.11991	5	
0.332	1.025	0.0478142	3	1.12549	5	
0.334	1.025	0.0397891	3	1.13112	5	
0.336	1.025	0.0317828	3	1.10207	5	
0.338	1.025	0.0237956	4	1.10822	5	
0.34	1.025	0.0158281	4	1.11441	5	
0.342	1.025	0.00788059	3	1.12064	5	
0.344	1.025	4.63383e-05	4	1.12691	5	
0.346	1.025	0.00795224	3	1.10031	5	
0.348	1.025	0.0158366	4	1.10706	5	
0.35	1.025	0.023699	3	1.11384	5	
0.352	1.025	0.0315389	3	1.12066	5	
0.354	1.025	0.0393557	3	1.12752	5	
0.356	1.025	0.0471488	3	1.10315	5	
0.358	1.025	0.0549178	3	1.11042	5	
0.36	1.025	0.0626621	3	1.11773	5	
0.362	1.025	0.070381	3	1.12506	5	
0.364	1.025	0.0780739	3	1.13243	5	
0.366	1.025	0.0857402	3	1.13982	5	
0.368	1.025	0.0933793	3	1.1177	5	
0.37	1.025	0.10099	3	1.12545	5	
0.372	1.025	0.108573	3	1.13322	5	
0.374	1.025	0.116126	3	1.14101	5	
0.376	1.025	0.12365	3	1.14882	5	
0.378	1.025	0.131142	3	1.15666	5	
0.38	1.025	0.138603	3	1.16452	5	
0.382	1.025	0.146032	3	1.1724	5	
0.384	1.025	0.153427	3	1.15255	5	
0.386	1.025	0.160789	3	1.1607	5	
0.388	1.025	0.168115	3	1.16888	5	
0.39	1.025	0.175406	3	1.17707	5	
0.392	1.025	0.18266	3	1.18527	5	
0.394	1.025	0.189877	3	1.1935	5	
0.396	1.025	0.197055	3	1.20173	5	
0.398	1.025	0.204194	3	1.20999	5	
0.4	1.025	0.211292	3	1.21825	5	

0.3	1.03	0.180147	3	1.17183	5	
0.302	1.03	0.171882	3	1.17522	5	
0.304	1.03	0.16363	3	1.17866	5	
0.306	1.03	0.155391	3	1.18217	5	
0.308	1.03	0.147166	3	1.14636	5	
0.31	1.03	0.138956	3	1.15045	5	
0.312	1.03	0.13076	3	1.15459	5	
0.314	1.03	0.122579	3	1.15878	5	
0.316	1.03	0.114413	3	1.16304	5	
0.318	1.03	0.106263	3	1.1296	5	
0.32	1.03	0.0981279	3	1.13443	5	
0.322	1.03	0.0900094	3	1.1393	5	
0.324	1.03	0.0819074	3	1.14423	5	
0.326	1.03	0.0738223	3	1.11279	5	
0.328	1.03	0.0657544	3	1.11827	5	
0.33	1.03	0.0577042	3	1.1238	5	
0.332	1.03	0.049672	3	1.12938	5	
0.334	1.03	0.0416583	3	1.135	5	
0.336	1.03	0.0336634	3	1.10608	5	
0.338	1.03	0.0256879	4	1.11223	5	
0.34	1.03	0.017732	4	1.11841	5	
0.342	1.03	0.00979637	3	1.12464	5	
0.344	1.03	0.00188138	4	1.09771	5	
0.346	1.03	0.00601249	3	1.10442	5	
0.348	1.03	0.0138847	4	1.11116	5	
0.35	1.03	0.0217348	3	1.11794	5	
0.352	1.03	0.0295623	3	1.12475	5	
0.354	1.03	0.0373666	3	1.10008	5	
0.356	1.03	0.0451471	3	1.10732	5	
0.358	1.03	0.0529034	3	1.11459	5	
0.36	1.03	0.0606348	3	1.12189	5	
0.362	1.03	0.0683407	3	1.12922	5	
0.364	1.03	0.0760205	3	1.13658	5	
0.366	1.03	0.0836736	3	1.1142	5	
0.368	1.03	0.0912994	3	1.12192	5	
0.37	1.03	0.0988971	3	1.12966	5	
0.372	1.03	0.106466	3	1.13742	5	
0.374	1.03	0.114006	3	1.1452	5	
0.376	1.03	0.121515	3	1.15301	5	
0.378	1.03	0.128993	3	1.16084	5	
0.38	1.03	0.13644	3	1.16869	5	
0.382	1.03	0.143855	3	1.14864	5	
0.384	1.03	0.151236	3	1.15677	5	
0.386	1.03	0.158583	3	1.16492	5	
0.388	1.03	0.165895	3	1.17308	5	
0.39	1.03	0.173171	3	1.18127	5	
0.392	1.03	0.18041	3	1.18947	5	
0.394	1.03	0.187612	3	1.19768	5	
0.396	1.03	0.194775	3	1.20591	5	
0.398	1.03	0.201898	3	1.21416	5	
0.4	1.03	0.208981	3	1.22242	5	

0.3	1.035	0.181837	3	1.17521	5	
0.302	1.035	0.173582	3	1.1786	5	
0.304	1.035	0.16534	3	1.18205	5	
0.306	1.035	0.157111	3	1.1459	5	
0.308	1.035	0.148897	3	1.14993	5	
0.31	1.035	0.140696	3	1.15402	5	
0.312	1.035	0.132511	3	1.15816	5	
0.314	1.035	0.12434	3	1.16236	5	
0.316	1.035	0.116185	3	1.12857	5	
0.318	1.035	0.108045	3	1.13334	5	
0.32	1.035	0.099921	3	1.13817	5	
0.322	1.035	0.0918133	3	1.14304	5	
0.324	1.035	0.0837222	3	1.11124	5	
0.326	1.035	0.0756481	3	1.11668	5	
0.328	1.035	0.0675914	3	1.12216	5	
0.33	1.035	0.0595524	3	1.12768	5	
0.332	1.035	0.0515315	3	1.13326	5	
0.334	1.035	0.0435292	3	1.10399	5	
0.336	1.035	0.0355459	3	1.11009	5	
0.338	1.035	0.0275819	4	1.11623	5	
0.34	1.035	0.0196378	3	1.12241	5	
0.342	1.035	0.011714	3	1.09515	5	
0.344	1.035	0.00381097	4	1.10182	5	
0.346	1.035	0.00407083	3	1.10852	5	
0.348	1.035	0.0119309	4	1.11526	5	
0.35	1.035	0.0197687	4	1.12203	5	
0.352	1.035	0.0275838	3	1.12884	5	
0.354	1.035	0.0353755	3	1.10426	5	
0.356	1.035	0.0431434	3	1.1115	5	
0.358	1.035	0.0508869	3	1.11876	5	
0.36	1.035	0.0586054	3	1.12605	5	
0.362	1.035	0.0662983	3	1.13337	5	
0.364	1.035	0.073965	3	1.14073	5	
0.366	1.035	0.0816049	3	1.11842	5	
0.368	1.035	0.0892172	3	1.12613	5	
0.37	1.035	0.0968015	3	1.13386	5	
0.372	1.035	0.104357	3	1.14162	5	
0.374	1.035	0.111883	3	1.1494	5	
0.376	1.035	0.119378	3	1.1572	5	
0.378	1.035	0.126843	3	1.16503	5	
0.38	1.035	0.134275	3	1.14476	5	
0.382	1.035	0.141675	3	1.15287	5	
0.384	1.035	0.149042	3	1.16099	5	
0.386	1.035	0.156375	3	1.16913	5	
0.388	1.035	0.163672	3	1.17729	5	
0.39	1.035	0.170933	3	1.18547	5	
0.392	1.035	0.178158	3	1.19366	5	
0.394	1.035	0.185345	3	1.20187	5	
0.396	1.035	0.192492	3	1.2101	5	
0.398	1.035	0.199601	3	1.21833	5	
0.4	1.035	0.206668	3	1.22659	5	

0.3	1.04	0.183529	3	1.17859	5	
0.302	1.04	0.175283	3	1.18198	5	
0.304	1.04	0.167051	3	1.14548	5	
0.306	1.04	0.158833	3	1.14946	5	
0.308	1.04	0.150628	3	1.15349	5	
0.31	1.04	0.142438	3	1.15758	5	
0.312	1.04	0.134263	3	1.16173	5	
0.314	1.04	0.126103	3	1.12758	5	
0.316	1.04	0.117958	3	1.1323	5	
0.318	1.04	0.109829	3	1.13707	5	
0.32	1.04	0.101716	3	1.1419	5	
0.322	1.04	0.0936189	3	1.14678	5	
0.324	1.04	0.0855387	3	1.11512	5	
0.326	1.04	0.0774757	3	1.12055	5	
0.328	1.04	0.06943	3	1.12603	5	
0.33	1.04	0.0614023	3	1.13156	5	
0.332	1.04	0.0533927	3	1.10195	5	
0.334	1.04	0.0454019	3	1.108	5	
0.336	1.04	0.0374301	4	1.11409	5	
0.338	1.04	0.0294778	4	1.12023	5	
0.34	1.04	0.0215455	3	1.12641	5	
0.342	1.04	0.0136349	2	1.09926	5	
0.344	1.04	0.00574246	4	1.10592	5	
0.346	1.04	0.00212725	4	1.11262	5	
0.348	1.04	0.00997511	4	1.11935	5	
0.35	1.04	0.0178006	4	1.12612	5	
0.352	1.04	0.0256032	3	1.10124	5	
0.354	1.04	0.0333824	3	1.10844	5	
0.356	1.04	0.0411377	3	1.11567	5	
0.358	1.04	0.0488684	3	1.12293	5	
0.36	1.04	0.056574	3	1.13021	5	
0.362	1.04	0.0642539	3	1.13753	5	
0.364	1.04	0.0719074	3	1.11497	5	
0.366	1.04	0.079534	3	1.12265	5	
0.368	1.04	0.087133	3	1.13035	5	
0.37	1.04	0.0947037	3	1.13807	5	
0.372	1.04	0.102245	3	1.14582	5	
0.374	1.04	0.109757	3	1.1536	5	
0.376	1.04	0.117239	3	1.16139	5	
0.378	1.04	0.12469	3	1.16921	5	
0.38	1.04	0.132108	2	1.149	5	
0.382	1.04	0.139494	3	1.1571	5	
0.384	1.04	0.146846	3	1.16522	5	
0.386	1.04	0.154164	3	1.17335	5	
0.388	1.04	0.161447	3	1.18151	5	
0.39	1.04	0.168694	3	1.18968	5	
0.392	1.04	0.175903	3	1.19786	5	
0.394	1.04	0.183075	3	1.20606	5	
0.396	1.04	0.190207	3	1.21428	5	
0.398	1.04	0.1973	3	1.22251	5	
0.4	1.04	0.204352	3	1.23076	5	

0.3	1.045	0.185221	3	1.18195	5	
0.302	1.045	0.176986	3	1.18535	5	
0.304	1.045	0.168764	3	1.14903	5	
0.306	1.045	0.160555	3	1.15301	5	
0.308	1.045	0.152361	3	1.15704	5	
0.31	1.045	0.144182	3	1.16114	5	
0.312	1.045	0.136017	3	1.12664	5	
0.314	1.045	0.127867	3	1.1313	5	
0.316	1.045	0.119733	3	1.13602	5	
0.318	1.045	0.111614	3	1.1408	5	
0.32	1.045	0.103512	3	1.14562	5	
0.322	1.045	0.095426	3	1.11362	5	
0.324	1.045	0.0873568	3	1.119	5	
0.326	1.045	0.0793048	3	1.12443	5	
0.328	1.045	0.0712704	3	1.12991	5	
0.33	1.045	0.0632539	3	1.09995	5	
0.332	1.045	0.0552557	3	1.10595	5	
0.334	1.045	0.0472763	3	1.112	5	
0.336	1.045	0.0393161	4	1.11809	5	
0.338	1.045	0.0313755	3	1.12423	5	
0.34	1.045	0.0234549	3	1.09675	5	
0.342	1.045	0.0155549	4	1.10337	5	
0.344	1.045	0.00767583	4	1.11002	5	
0.346	1.045	0.000181757	4	1.11671	5	
0.348	1.045	0.00801739	3	1.12344	5	
0.35	1.045	0.0158305	4	1.09827	5	
0.352	1.045	0.0236207	4	1.10543	5	
0.354	1.045	0.0313873	3	1.11262	5	
0.356	1.045	0.0391299	3	1.11984	5	
0.358	1.045	0.0468478	3	1.12709	5	
0.36	1.045	0.0545405	3	1.13437	5	
0.362	1.045	0.0622073	3	1.11155	5	
0.364	1.045	0.0698477	3	1.1192	5	
0.366	1.045	0.077461	3	1.12687	5	
0.368	1.045	0.0850465	3	1.13456	5	
0.37	1.045	0.0926037	3	1.14228	5	
0.372	1.045	0.100132	3	1.15003	5	
0.374	1.045	0.10763	3	1.15779	5	
0.376	1.045	0.115098	3	1.16558	5	
0.378	1.045	0.122534	2	1.14516	5	
0.38	1.045	0.129939	3	1.15324	5	
0.382	1.045	0.13731	3	1.16133	5	
0.384	1.045	0.144648	3	1.16945	5	
0.386	1.045	0.151951	3	1.17757	5	
0.388	1.045	0.15922	3	1.18572	5	
0.39	1.045	0.166451	3	1.19388	5	
0.392	1.045	0.173646	3	1.20206	5	
0.394	1.045	0.180803	3	1.21026	5	
0.396	1.045	0.18792	3	1.21847	5	
0.398	1.045	0.194998	3	1.22669	5	
0.4	1.045	0.202034	3	1.23493	5	

0.3	1.05	0.186915	3	1.18531	5	
0.302	1.05	0.17869	3	1.14864	5	
0.304	1.05	0.170478	3	1.15257	5	
0.306	1.05	0.16228	3	1.15655	5	
0.308	1.05	0.154096	3	1.16059	5	
0.31	1.05	0.145927	3	1.16469	5	
0.312	1.05	0.137772	3	1.13035	5	
0.314	1.05	0.129633	3	1.13502	5	
0.316	1.05	0.121509	3	1.13974	5	
0.318	1.05	0.113402	3	1.14452	5	
0.32	1.05	0.10531	3	1.11216	5	
0.322	1.05	0.0972348	3	1.11749	5	
0.324	1.05	0.0891766	3	1.12287	5	
0.326	1.05	0.0811357	3	1.1283	5	
0.328	1.05	0.0731124	3	1.13377	5	
0.33	1.05	0.0651072	3	1.10395	5	
0.332	1.05	0.0571204	3	1.10995	5	
0.334	1.05	0.0491525	4	1.11599	5	
0.336	1.05	0.0412039	4	1.12208	5	
0.338	1.05	0.033275	3	1.09428	5	
0.34	1.05	0.0253662	3	1.10085	5	
0.342	1.05	0.0174781	4	1.10747	5	
0.344	1.05	0.0096111	3	1.11412	5	
0.346	1.05	0.00176566	4	1.12081	5	
0.348	1.05	0.00605772	3	1.09533	5	
0.35	1.05	0.0138585	4	1.10245	5	
0.352	1.05	0.0216362	4	1.10961	5	
0.354	1.05	0.0293902	4	1.11679	5	
0.356	1.05	0.0371201	3	1.12401	5	
0.358	1.05	0.0448251	4	1.13125	5	
0.36	1.05	0.0525049	3	1.10817	5	
0.362	1.05	0.0601586	3	1.11579	5	
0.364	1.05	0.0677858	3	1.12343	5	
0.366	1.05	0.0753858	3	1.13109	5	
0.368	1.05	0.0829579	3	1.13878	5	
0.37	1.05	0.0905015	3	1.14649	5	
0.372	1.05	0.0980159	3	1.15423	5	
0.374	1.05	0.1055	3	1.16199	5	
0.376	1.05	0.112954	3	1.14136	5	
0.378	1.05	0.120377	3	1.14941	5	
0.38	1.05	0.127767	3	1.15748	5	
0.382	1.05	0.135124	3	1.16557	5	
0.384	1.05	0.142448	3	1.17368	5	
0.386	1.05	0.149736	3	1.1818	5	
0.388	1.05	0.15699	3	1.18994	5	
0.39	1.05	0.164207	3	1.19809	5	
0.392	1.05	0.171387	3	1.20627	5	
0.394	1.05	0.178528	3	1.21445	5	
0.396	1.05	0.185631	3	1.22266	5	
0.398	1.05	0.192693	3	1.23088	5	
0.4	1.05	0.199714	3	1.21266	5	

0.3	1.055	0.188611	3	1.1483	5	
0.302	1.055	0.180395	3	1.15217	5	
0.304	1.055	0.172193	3	1.1561	5	
0.306	1.055	0.164005	3	1.16009	5	
0.308	1.055	0.155832	3	1.16413	5	
0.31	1.055	0.147673	3	1.12944	5	
0.312	1.055	0.139529	3	1.13406	5	
0.314	1.055	0.1314	3	1.13873	5	
0.316	1.055	0.123287	3	1.14345	5	
0.318	1.055	0.11519	3	1.11074	5	
0.32	1.055	0.107109	3	1.11602	5	
0.322	1.055	0.0990451	3	1.12135	5	
0.324	1.055	0.090998	3	1.12673	5	
0.326	1.055	0.0829682	3	1.13216	5	
0.328	1.055	0.0749561	3	1.10199	5	
0.33	1.055	0.0669622	3	1.10794	5	
0.332	1.055	0.0589869	3	1.11394	5	
0.334	1.055	0.0510305	4	1.11999	5	
0.336	1.055	0.0430935	3	1.09186	5	
0.338	1.055	0.0351763	3	1.09839	5	
0.34	1.055	0.0272794	3	1.10496	5	
0.342	1.055	0.0194032	4	1.11157	5	
0.344	1.055	0.0115483	3	1.11821	5	
0.346	1.055	0.00371499	4	1.09244	5	
0.348	1.055	0.00409611	4	1.09952	5	
0.35	1.055	0.0118845	3	1.10664	5	
0.352	1.055	0.0196497	4	1.11379	5	
0.354	1.055	0.0273911	4	1.12097	5	
0.356	1.055	0.0351082	4	1.12818	5	
0.358	1.055	0.0428004	3	1.10483	5	
0.36	1.055	0.0504672	3	1.11241	5	
0.362	1.055	0.0581079	3	1.12002	5	
0.364	1.055	0.0657218	3	1.12766	5	
0.366	1.055	0.0733085	3	1.13531	5	
0.368	1.055	0.0808672	3	1.143	5	
0.37	1.055	0.0883972	3	1.1507	5	
0.372	1.055	0.0958979	3	1.15844	5	
0.374	1.055	0.103369	3	1.1376	5	
0.376	1.055	0.110808	3	1.14562	5	
0.378	1.055	0.118217	3	1.15367	5	
0.38	1.055	0.125593	3	1.16173	5	
0.382	1.055	0.132936	3	1.16981	5	
0.384	1.055	0.140245	3	1.17791	5	
0.386	1.055	0.147519	3	1.18602	5	
0.388	1.055	0.154758	3	1.19416	5	
0.39	1.055	0.16196	3	1.20231	5	
0.392	1.055	0.169125	3	1.21047	5	
0.394	1.055	0.176251	3	1.21865	5	
0.396	1.055	0.183339	3	1.2001	5	
0.398	1.055	0.190386	3	1.20849	5	
0.4	1.055	0.197391	3	1.21689	5	

0.3	1.06	0.190307	3	1.15182	5	
0.302	1.06	0.182102	3	1.15569	5	
0.304	1.06	0.17391	3	1.15963	5	
0.306	1.06	0.165732	3	1.16362	5	
0.308	1.06	0.157569	3	1.12858	5	
0.31	1.06	0.149421	3	1.13314	5	
0.312	1.06	0.141287	3	1.13776	5	
0.314	1.06	0.133169	3	1.14243	5	
0.316	1.06	0.125067	3	1.14716	5	
0.318	1.06	0.11698	3	1.1146	5	
0.32	1.06	0.10891	3	1.11988	5	
0.322	1.06	0.100857	3	1.12521	5	
0.324	1.06	0.092821	3	1.13059	5	
0.326	1.06	0.0848023	3	1.10007	5	
0.328	1.06	0.0768015	3	1.10598	5	
0.33	1.06	0.068819	4	1.11193	5	
0.332	1.06	0.0608551	4	1.11793	5	
0.334	1.06	0.0529102	4	1.12397	5	
0.336	1.06	0.0449849	3	1.09596	5	
0.338	1.06	0.0370795	3	1.10249	5	
0.34	1.06	0.0291944	3	1.10906	5	
0.342	1.06	0.0213302	4	1.11566	5	
0.344	1.06	0.0134873	3	1.12231	5	
0.346	1.06	0.00566626	4	1.09663	5	
0.348	1.06	0.00213254	4	1.10371	5	
0.35	1.06	0.00990853	3	1.11082	5	
0.352	1.06	0.0176612	4	1.11796	5	
0.354	1.06	0.02539	4	1.12514	5	
0.356	1.06	0.0330943	3	1.10153	5	
0.358	1.06	0.0407736	3	1.10908	5	
0.36	1.06	0.0484274	3	1.11665	5	
0.362	1.06	0.056055	3	1.12426	5	
0.364	1.06	0.0636557	3	1.13189	5	
0.366	1.06	0.071229	3	1.13954	5	
0.368	1.06	0.0787743	3	1.14721	5	
0.37	1.06	0.0862907	3	1.15492	5	
0.372	1.06	0.0937777	3	1.13386	5	
0.374	1.06	0.101234	3	1.14186	5	
0.376	1.06	0.10866	3	1.14988	5	
0.378	1.06	0.116055	3	1.15792	5	
0.38	1.06	0.123416	3	1.16598	5	
0.382	1.06	0.130745	3	1.17405	5	
0.384	1.06	0.13804	3	1.18214	5	
0.386	1.06	0.145299	3	1.19025	5	
0.388	1.06	0.152523	3	1.19838	5	
0.39	1.06	0.159711	3	1.20652	5	
0.392	1.06	0.166861	3	1.21468	5	
0.394	1.06	0.173972	3	1.19598	5	
0.396	1.06	0.181044	3	1.20435	5	
0.398	1.06	0.188076	3	1.21273	5	
0.4	1.06	0.195066	3	1.22113	5	

0.3	1.065	0.192005	3	1.15533	5	
0.302	1.065	0.18381	3	1.15921	5	
0.304	1.065	0.175628	3	1.16314	5	
0.306	1.065	0.167461	3	1.12776	5	
0.308	1.065	0.159308	3	1.13227	5	
0.31	1.065	0.15117	3	1.13684	5	
0.312	1.065	0.143047	3	1.14146	5	
0.314	1.065	0.134939	3	1.14613	5	
0.316	1.065	0.126848	3	1.11322	5	
0.318	1.065	0.118772	3	1.11845	5	
0.32	1.065	0.110713	3	1.12373	5	
0.322	1.065	0.102671	3	1.12906	5	
0.324	1.065	0.0946457	3	1.0982	5	
0.326	1.065	0.0866382	3	1.10406	5	
0.328	1.065	0.0786486	3	1.10997	5	
0.33	1.065	0.0706784	2	1.11592	5	
0.332	1.065	0.062725	4	1.12192	5	
0.334	1.065	0.0547918	3	1.09358	5	
0.336	1.065	0.0468781	3	1.10006	5	
0.338	1.065	0.0389845	3	1.10659	5	
0.34	1.065	0.0311113	3	1.11315	5	
0.342	1.065	0.0232591	4	1.11975	5	
0.344	1.065	0.0154283	3	1.09378	5	
0.346	1.065	0.00761945	4	1.10082	5	
0.348	1.065	0.000167016	4	1.10789	5	
0.35	1.065	0.00793057	3	1.115	5	
0.352	1.065	0.0156707	3	1.12214	5	
0.354	1.065	0.0233868	3	1.12931	5	
0.356	1.065	0.0310783	3	1.10578	5	
0.358	1.065	0.0387448	3	1.11333	5	
0.36	1.065	0.0463855	4	1.1209	5	
0.362	1.065	0.054	3	1.12849	5	
0.364	1.065	0.0615875	3	1.13611	5	
0.366	1.065	0.0691474	4	1.14376	5	
0.368	1.065	0.0766791	3	1.15143	5	
0.37	1.065	0.084182	3	1.13017	5	
0.372	1.065	0.0916552	3	1.13814	5	
0.374	1.065	0.0990982	3	1.14613	5	
0.376	1.065	0.10651	3	1.15415	5	
0.378	1.065	0.11389	3	1.16218	5	
0.38	1.065	0.121238	3	1.17023	5	
0.382	1.065	0.128552	3	1.17829	5	
0.384	1.065	0.135832	3	1.18638	5	
0.386	1.065	0.143077	3	1.19448	5	
0.388	1.065	0.150287	3	1.2026	5	
0.39	1.065	0.157459	3	1.21074	5	
0.392	1.065	0.164594	3	1.19189	5	
0.394	1.065	0.171691	3	1.20024	5	
0.396	1.065	0.178748	3	1.2086	5	
0.398	1.065	0.185764	3	1.21698	5	
0.4	1.065	0.192739	3	1.22537	5	

0.3	1.07	0.193704	3	1.15883	5	
0.302	1.07	0.185519	3	1.16271	5	
0.304	1.07	0.177348	3	1.12699	5	
0.306	1.07	0.16919	3	1.13144	5	
0.308	1.07	0.161048	3	1.13596	5	
0.31	1.07	0.15292	3	1.14052	5	
0.312	1.07	0.144808	3	1.14514	5	
0.314	1.07	0.136711	3	1.11189	5	
0.316	1.07	0.12863	3	1.11707	5	
0.318	1.07	0.120565	3	1.1223	5	
0.32	1.07	0.112517	3	1.12758	5	
0.322	1.07	0.104486	3	1.09638	5	
0.324	1.07	0.096472	3	1.10219	5	
0.326	1.07	0.0884757	3	1.10805	5	
0.328	1.07	0.0804975	3	1.11395	5	
0.33	1.07	0.0725377	3	1.1199	5	
0.332	1.07	0.0645967	3	1.09124	5	
0.334	1.07	0.0566751	3	1.09768	5	
0.336	1.07	0.0487731	3	1.10416	5	
0.338	1.07	0.0408913	3	1.11068	5	
0.34	1.07	0.0330301	4	1.11724	5	
0.342	1.07	0.0251899	3	1.09097	5	
0.344	1.07	0.0173712	3	1.09797	5	
0.346	1.07	0.00957459	4	1.10501	5	
0.348	1.07	0.00180047	4	1.11208	5	
0.35	1.07	0.00595062	3	1.11918	5	
0.352	1.07	0.0136781	4	1.12631	5	
0.354	1.07	0.0213816	4	1.10252	5	
0.356	1.07	0.0290603	3	1.11003	5	
0.358	1.07	0.0367139	4	1.11757	5	
0.36	1.07	0.0443416	4	1.12514	5	
0.362	1.07	0.0519429	3	1.13273	5	
0.364	1.07	0.0595171	3	1.14034	5	
0.366	1.07	0.0670637	3	1.14798	5	
0.368	1.07	0.0745819	3	1.1265	5	
0.37	1.07	0.0820711	3	1.13445	5	
0.372	1.07	0.0895306	3	1.14242	5	
0.374	1.07	0.0969597	3	1.1504	5	
0.376	1.07	0.104358	3	1.15841	5	
0.378	1.07	0.111724	3	1.16643	5	
0.38	1.07	0.119057	3	1.17448	5	
0.382	1.07	0.126357	3	1.18254	5	
0.384	1.07	0.133623	3	1.19062	5	
0.386	1.07	0.140853	3	1.19871	5	
0.388	1.07	0.148048	3	1.20683	5	
0.39	1.07	0.155205	3	1.18782	5	
0.392	1.07	0.162325	3	1.19616	5	
0.394	1.07	0.169407	3	1.2045	5	
0.396	1.07	0.176448	3	1.21286	5	
0.398	1.07	0.18345	3	1.22123	5	
0.4	1.07	0.190409	2	1.22961	5	

0.3	1.075	0.195405	3	1.16232	5	
0.302	1.075	0.18723	3	1.12625	5	
0.304	1.075	0.179068	3	1.13066	5	
0.306	1.075	0.170922	3	1.13512	5	
0.308	1.075	0.162789	3	1.13963	5	
0.31	1.075	0.154672	3	1.1442	5	
0.312	1.075	0.146571	3	1.1106	5	
0.314	1.075	0.138484	3	1.11573	5	
0.316	1.075	0.130414	3	1.12091	5	
0.318	1.075	0.12236	3	1.12614	5	
0.32	1.075	0.114323	3	1.13142	5	
0.322	1.075	0.106303	3	1.10036	5	
0.324	1.075	0.0983	3	1.10617	5	
0.326	1.075	0.0903149	3	1.11203	5	
0.328	1.075	0.082348	3	1.11793	5	
0.33	1.075	0.0743996	3	1.08894	5	
0.332	1.075	0.0664702	3	1.09534	5	
0.334	1.075	0.0585602	3	1.10178	5	
0.336	1.075	0.05067	3	1.10826	5	
0.338	1.075	0.0428	3	1.11478	5	
0.34	1.075	0.0349507	4	1.0882	5	
0.342	1.075	0.0271225	3	1.09516	5	
0.344	1.075	0.019316	4	1.10216	5	
0.346	1.075	0.0115317	3	1.10919	5	
0.348	1.075	0.00376992	4	1.11626	5	
0.35	1.075	0.00396869	4	1.12335	5	
0.352	1.075	0.0116836	4	1.0993	5	
0.354	1.075	0.0193743	4	1.10678	5	
0.356	1.075	0.0270403	4	1.11429	5	
0.358	1.075	0.0346809	4	1.12182	5	
0.36	1.075	0.0422955	3	1.12938	5	
0.362	1.075	0.0498836	3	1.13696	5	
0.364	1.075	0.0574446	3	1.14457	5	
0.366	1.075	0.0649777	3	1.12287	5	
0.368	1.075	0.0724824	3	1.13079	5	
0.37	1.075	0.079958	3	1.13873	5	
0.372	1.075	0.0874037	3	1.1467	5	
0.374	1.075	0.0948189	3	1.15468	5	
0.376	1.075	0.102203	3	1.16268	5	
0.378	1.075	0.109555	3	1.17069	5	
0.38	1.075	0.116874	3	1.17873	5	
0.382	1.075	0.124159	3	1.18678	5	
0.384	1.075	0.131411	3	1.19486	5	
0.386	1.075	0.138627	3	1.20295	5	
0.388	1.075	0.145806	3	1.18379	5	
0.39	1.075	0.152949	3	1.1921	5	
0.392	1.075	0.160054	3	1.20043	5	
0.394	1.075	0.167121	3	1.20877	5	
0.396	1.075	0.174147	3	1.21712	5	
0.398	1.075	0.181133	3	1.22548	5	
0.4	1.075	0.188077	3	1.23386	5	

0.3	1.08	0.197107	3	1.16581	5	
0.302	1.08	0.188942	3	1.12992	5	
0.304	1.08	0.180791	3	1.13432	5	
0.306	1.08	0.172654	3	1.13879	5	
0.308	1.08	0.164533	3	1.1433	5	
0.31	1.08	0.156426	3	1.10935	5	
0.312	1.08	0.148335	3	1.11443	5	
0.314	1.08	0.140259	3	1.11956	5	
0.316	1.08	0.1322	3	1.12474	5	
0.318	1.08	0.124157	3	1.12997	5	
0.32	1.08	0.11613	3	1.09858	5	
0.322	1.08	0.108122	2	1.10434	5	
0.324	1.08	0.10013	3	1.11015	5	
0.326	1.08	0.0921558	3	1.11601	5	
0.328	1.08	0.0842003	3	1.12191	5	
0.33	1.08	0.0762633	3	1.09304	5	
0.332	1.08	0.0683455	3	1.09944	5	
0.334	1.08	0.0604471	3	1.10588	5	
0.336	1.08	0.0525686	3	1.11235	5	
0.338	1.08	0.0447105	3	1.08547	5	
0.34	1.08	0.0368732	4	1.0924	5	
0.342	1.08	0.0290571	3	1.09936	5	
0.344	1.08	0.0212628	4	1.10635	5	
0.346	1.08	0.0134907	3	1.11338	5	
0.348	1.08	0.00574133	3	1.12044	5	
0.35	1.08	0.00198476	4	1.09612	5	
0.352	1.08	0.00968708	4	1.10356	5	
0.354	1.08	0.0173651	4	1.11104	5	
0.356	1.08	0.0250182	4	1.11854	5	
0.358	1.08	0.0326458	4	1.12606	5	
0.36	1.08	0.0402474	3	1.13362	5	
0.362	1.08	0.0478223	3	1.1412	5	
0.364	1.08	0.0553699	3	1.11928	5	
0.366	1.08	0.0628897	2	1.12717	5	
0.368	1.08	0.0703808	3	1.13509	5	
0.37	1.08	0.0778427	3	1.14302	5	
0.372	1.08	0.0852746	3	1.15098	5	
0.374	1.08	0.0926759	3	1.15895	5	
0.376	1.08	0.100046	3	1.16694	5	
0.378	1.08	0.107384	3	1.17495	5	
0.38	1.08	0.114688	3	1.18298	5	
0.382	1.08	0.12196	3	1.19103	5	
0.384	1.08	0.129196	3	1.1991	5	
0.386	1.08	0.136398	3	1.17979	5	
0.388	1.08	0.143563	3	1.18808	5	
0.39	1.08	0.150691	3	1.19639	5	
0.392	1.08	0.157781	3	1.2047	5	
0.394	1.08	0.164832	3	1.21304	5	
0.396	1.08	0.171843	3	1.22138	5	
0.398	1.08	0.178814	3	1.22974	5	
0.4	1.08	0.185742	3	1.23811	5	

0.3	1.085	0.19881	3	1.12922	5	
0.302	1.085	0.190655	3	1.13357	5	
0.304	1.085	0.182514	3	1.13798	5	
0.306	1.085	0.174388	3	1.14245	5	
0.308	1.085	0.166277	3	1.10815	5	
0.31	1.085	0.158181	3	1.11318	5	
0.312	1.085	0.1501	3	1.11826	5	
0.314	1.085	0.142036	3	1.12339	5	
0.316	1.085	0.133987	3	1.12857	5	
0.318	1.085	0.125955	3	1.09683	5	
0.32	1.085	0.11794	3	1.10255	5	
0.322	1.085	0.109941	3	1.10831	5	
0.324	1.085	0.101961	3	1.11412	5	
0.326	1.085	0.0939984	3	1.11998	5	
0.328	1.085	0.0860542	3	1.09079	5	
0.33	1.085	0.0781288	3	1.09714	5	
0.332	1.085	0.0702225	3	1.10353	5	
0.334	1.085	0.0623358	3	1.10997	5	
0.336	1.085	0.0544691	3	1.11644	5	
0.338	1.085	0.0466229	3	1.08967	5	
0.34	1.085	0.0387975	4	1.09659	5	
0.342	1.085	0.0309935	3	1.10355	5	
0.344	1.085	0.0232114	3	1.11054	5	
0.346	1.085	0.0154516	4	1.11756	5	
0.348	1.085	0.00771472	3	1.09297	5	
0.35	1.085	1.15512e-06	5	1.10038	5	
0.352	1.085	0.00768851	4	1.10782	5	
0.354	1.085	0.0153537	4	1.11529	5	
0.356	1.085	0.022994	4	1.12279	5	
0.358	1.085	0.0306086	4	1.13031	5	
0.36	1.085	0.0381971	3	1.13786	5	
0.362	1.085	0.0457588	3	1.11572	5	
0.364	1.085	0.0532931	4	1.12359	5	
0.366	1.085	0.0607994	3	1.13147	5	
0.368	1.085	0.068277	3	1.13938	5	
0.37	1.085	0.0757252	3	1.14731	5	
0.372	1.085	0.0831433	3	1.15526	5	
0.374	1.085	0.0905307	3	1.16322	5	
0.376	1.085	0.0978866	3	1.17121	5	
0.378	1.085	0.10521	3	1.17922	5	
0.38	1.085	0.112501	3	1.18724	5	
0.382	1.085	0.119758	3	1.19528	5	
0.384	1.085	0.12698	3	1.17581	5	
0.386	1.085	0.134166	3	1.18409	5	
0.388	1.085	0.141317	3	1.19237	5	
0.39	1.085	0.14843	3	1.20067	5	
0.392	1.085	0.155505	3	1.20898	5	
0.394	1.085	0.162541	3	1.21731	5	
0.396	1.085	0.169537	3	1.22565	5	
0.398	1.085	0.176492	3	1.234	5	
0.4	1.085	0.183406	3	1.24237	5	

0.3	1.09	0.200515	3	1.13286	5	
0.302	1.09	0.19237	3	1.13722	5	
0.304	1.09	0.18424	3	1.14163	5	
0.306	1.09	0.176124	3	1.1461	5	
0.308	1.09	0.168023	3	1.11197	5	
0.31	1.09	0.159937	3	1.117	5	
0.312	1.09	0.151868	3	1.12208	5	
0.314	1.09	0.143813	3	1.12721	5	
0.316	1.09	0.135776	3	1.09514	5	
0.318	1.09	0.127754	3	1.1008	5	
0.32	1.09	0.11975	3	1.10652	5	
0.322	1.09	0.111763	3	1.11228	5	
0.324	1.09	0.103794	3	1.11809	5	
0.326	1.09	0.0958427	3	1.08858	5	
0.328	1.09	0.0879099	3	1.09489	5	
0.33	1.09	0.079996	3	1.10123	5	
0.332	1.09	0.0721013	3	1.10762	5	
0.334	1.09	0.0642263	3	1.11405	5	
0.336	1.09	0.0563714	3	1.08699	5	
0.338	1.09	0.0485371	3	1.09387	5	
0.34	1.09	0.0407238	4	1.10078	5	
0.342	1.09	0.0329319	4	1.10773	5	
0.344	1.09	0.025162	3	1.11472	5	
0.346	1.09	0.0174146	4	1.08987	5	
0.348	1.09	0.00969009	4	1.09724	5	
0.35	1.09	0.00198907	3	1.10465	5	
0.352	1.09	0.00568793	4	1.11209	5	
0.354	1.09	0.0133404	4	1.11955	5	
0.356	1.09	0.0209677	4	1.12704	5	
0.358	1.09	0.0285694	3	1.13455	5	
0.36	1.09	0.0361447	3	1.11219	5	
0.362	1.09	0.0436935	2	1.12003	5	
0.364	1.09	0.0512142	3	1.12789	5	
0.366	1.09	0.058707	3	1.13577	5	
0.368	1.09	0.066171	3	1.14367	5	
0.37	1.09	0.0736055	3	1.1516	5	
0.372	1.09	0.0810098	3	1.15954	5	
0.374	1.09	0.0883833	3	1.1675	5	
0.376	1.09	0.0957251	3	1.17548	5	
0.378	1.09	0.103035	3	1.18348	5	
0.38	1.09	0.110311	3	1.1915	5	
0.382	1.09	0.117553	3	1.17187	5	
0.384	1.09	0.124761	3	1.18012	5	
0.386	1.09	0.131933	3	1.18839	5	
0.388	1.09	0.139069	3	1.19667	5	
0.39	1.09	0.146167	3	1.20496	5	
0.392	1.09	0.153227	3	1.21327	5	
0.394	1.09	0.160248	3	1.22159	5	
0.396	1.09	0.167229	3	1.22992	5	
0.398	1.09	0.174169	3	1.23827	5	
0.4	1.09	0.181066	3	1.24662	5	

0.3	1.095	0.202221	3	1.1365	5	
0.302	1.095	0.194086	3	1.14086	5	
0.304	1.095	0.185966	3	1.14528	5	
0.306	1.095	0.177861	3	1.11081	5	
0.308	1.095	0.16977	3	1.11578	5	
0.31	1.095	0.161695	3	1.12081	5	
0.312	1.095	0.153636	3	1.12589	5	
0.314	1.095	0.145593	2	1.13102	5	
0.316	1.095	0.137566	3	1.0991	5	
0.318	1.095	0.129556	3	1.10477	5	
0.32	1.095	0.121563	3	1.11048	5	
0.322	1.095	0.113587	3	1.11624	5	
0.324	1.095	0.105629	3	1.08641	5	
0.326	1.095	0.0976887	3	1.09267	5	
0.328	1.095	0.0897674	3	1.09898	5	
0.33	1.095	0.081865	3	1.10532	5	
0.332	1.095	0.0739819	3	1.11171	5	
0.334	1.095	0.0661186	3	1.08434	5	
0.336	1.095	0.0582756	3	1.09118	5	
0.338	1.095	0.0504532	3	1.09806	5	
0.34	1.095	0.0426519	3	1.10497	5	
0.342	1.095	0.0348722	4	1.11192	5	
0.344	1.095	0.0271145	3	1.1189	5	
0.346	1.095	0.0193794	4	1.09414	5	
0.348	1.095	0.0116674	4	1.10151	5	
0.35	1.095	0.003979	3	1.10892	5	
0.352	1.095	0.00368532	4	1.11634	5	
0.354	1.095	0.011325	4	1.1238	5	
0.356	1.095	0.0189394	3	1.13129	5	
0.358	1.095	0.026528	3	1.1388	5	
0.36	1.095	0.0340903	3	1.11651	5	
0.362	1.095	0.0416255	3	1.12435	5	
0.364	1.095	0.0491331	3	1.1322	5	
0.366	1.095	0.0566124	3	1.14007	5	
0.368	1.095	0.0640628	3	1.14797	5	
0.37	1.095	0.0714836	3	1.15589	5	
0.372	1.095	0.0788741	3	1.16382	5	
0.374	1.095	0.0862336	3	1.17178	5	
0.376	1.095	0.0935614	3	1.17975	5	
0.378	1.095	0.100857	3	1.15974	5	
0.38	1.095	0.108119	3	1.16796	5	
0.382	1.095	0.115347	3	1.17619	5	
0.384	1.095	0.12254	3	1.18443	5	
0.386	1.095	0.129697	3	1.19269	5	
0.388	1.095	0.136818	3	1.20097	5	
0.39	1.095	0.143901	3	1.20925	5	
0.392	1.095	0.150946	3	1.21755	5	
0.394	1.095	0.157952	3	1.22587	5	
0.396	1.095	0.164918	3	1.23419	5	
0.398	1.095	0.171842	3	1.24253	5	
0.4	1.095	0.178725	3	1.25089	5	

0.3	1.1	0.203928	3	1.14013	5	
0.302	1.1	0.195804	3	1.14449	5	
0.304	1.1	0.187694	3	1.10968	5	
0.306	1.1	0.179599	3	1.11461	5	
0.308	1.1	0.171519	3	1.11959	5	
0.31	1.1	0.163455	3	1.12462	5	
0.312	1.1	0.155406	3	1.1297	5	
0.314	1.1	0.147374	3	1.09744	5	
0.316	1.1	0.139358	3	1.10306	5	
0.318	1.1	0.131359	3	1.10873	5	
0.32	1.1	0.123376	3	1.11444	5	
0.322	1.1	0.115412	3	1.08428	5	
0.324	1.1	0.107465	3	1.0905	5	
0.326	1.1	0.0995365	3	1.09676	5	
0.328	1.1	0.0916266	3	1.10306	5	
0.33	1.1	0.0837357	3	1.10941	5	
0.332	1.1	0.0758643	3	1.08174	5	
0.334	1.1	0.0680128	3	1.08854	5	
0.336	1.1	0.0601816	3	1.09538	5	
0.338	1.1	0.0523711	3	1.10225	5	
0.34	1.1	0.0445819	3	1.10916	5	
0.342	1.1	0.0368144	4	1.1161	5	
0.344	1.1	0.029069	3	1.09108	5	
0.346	1.1	0.0213463	4	1.09841	5	
0.348	1.1	0.0136468	4	1.10578	5	
0.35	1.1	0.00597092	3	1.11318	5	
0.352	1.1	0.00168069	4	1.1206	5	
0.354	1.1	0.00930752	3	1.12806	5	
0.356	1.1	0.016909	3	1.13554	5	
0.358	1.1	0.0244846	3	1.11303	5	
0.36	1.1	0.0320337	3	1.12083	5	
0.362	1.1	0.0395556	4	1.12866	5	
0.364	1.1	0.0470498	3	1.13651	5	
0.366	1.1	0.0545157	3	1.14438	5	
0.368	1.1	0.0619524	3	1.15227	5	
0.37	1.1	0.0693595	3	1.16018	5	
0.372	1.1	0.0767362	3	1.16811	5	
0.374	1.1	0.0840817	3	1.17605	5	
0.376	1.1	0.0913954	3	1.15588	5	
0.378	1.1	0.0986764	3	1.16408	5	
0.38	1.1	0.105924	3	1.17229	5	
0.382	1.1	0.113138	3	1.18051	5	
0.384	1.1	0.120316	3	1.18875	5	
0.386	1.1	0.127459	3	1.197	5	
0.388	1.1	0.134565	3	1.20527	5	
0.39	1.1	0.141634	3	1.21355	5	
0.392	1.1	0.148664	3	1.22184	5	
0.394	1.1	0.155654	3	1.23015	5	
0.396	1.1	0.162605	3	1.23847	5	
0.398	1.1	0.169514	3	1.2468	5	
0.4	1.1	0.176381	3	1.25515	5	

0.3	1.105	0.205637	3	1.14375	5	
0.302	1.105	0.197523	3	1.1086	5	
0.304	1.105	0.189423	3	1.11348	5	
0.306	1.105	0.181339	3	1.11841	5	
0.308	1.105	0.17327	2	1.12339	5	
0.31	1.105	0.165216	3	1.12842	5	
0.312	1.105	0.157178	3	1.09582	5	
0.314	1.105	0.149157	3	1.10139	5	
0.316	1.105	0.141151	3	1.10701	5	
0.318	1.105	0.133163	3	1.11268	5	
0.32	1.105	0.125192	3	1.11839	5	
0.322	1.105	0.117239	3	1.08837	5	
0.324	1.105	0.109303	3	1.09459	5	
0.326	1.105	0.101386	3	1.10085	5	
0.328	1.105	0.0934875	3	1.10715	5	
0.33	1.105	0.0856082	3	1.07918	5	
0.332	1.105	0.0777485	3	1.08594	5	
0.334	1.105	0.0699087	3	1.09273	5	
0.336	1.105	0.0620894	3	1.09957	5	
0.338	1.105	0.0542909	3	1.10644	5	
0.34	1.105	0.0465138	3	1.11334	5	
0.342	1.105	0.0387585	3	1.08805	5	
0.344	1.105	0.0310254	3	1.09535	5	
0.346	1.105	0.0233151	3	1.10269	5	
0.348	1.105	0.0156281	4	1.11005	5	
0.35	1.105	0.00796486	3	1.11744	5	
0.352	1.105	0.000325999	3	1.12486	5	
0.354	1.105	0.00728801	3	1.13231	5	
0.356	1.105	0.0148766	3	1.10958	5	
0.358	1.105	0.0224391	3	1.11736	5	
0.36	1.105	0.029975	3	1.12515	5	
0.362	1.105	0.0374836	4	1.13297	5	
0.364	1.105	0.0449644	3	1.14082	5	
0.366	1.105	0.0524167	3	1.14868	5	
0.368	1.105	0.0598399	3	1.15656	5	
0.37	1.105	0.0672332	3	1.16447	5	
0.372	1.105	0.074596	3	1.17239	5	
0.374	1.105	0.0819276	3	1.15205	5	
0.376	1.105	0.0892271	3	1.16022	5	
0.378	1.105	0.096494	3	1.16841	5	
0.38	1.105	0.103727	3	1.17661	5	
0.382	1.105	0.110926	3	1.18483	5	
0.384	1.105	0.11809	3	1.19306	5	
0.386	1.105	0.125219	3	1.20131	5	
0.388	1.105	0.13231	3	1.20957	5	
0.39	1.105	0.139363	2	1.21785	5	
0.392	1.105	0.146379	3	1.22613	5	
0.394	1.105	0.153354	3	1.23444	5	
0.396	1.105	0.160289	3	1.24275	5	
0.398	1.105	0.167183	3	1.25108	5	
0.4	1.105	0.174035	3	1.25942	5	

0.3	1.11	0.207347	3	1.10757	5	
0.302	1.11	0.199243	3	1.11239	5	
0.304	1.11	0.191154	3	1.11727	5	
0.306	1.11	0.18308	3	1.1222	5	
0.308	1.11	0.175022	3	1.12718	5	
0.31	1.11	0.166979	3	1.09425	5	
0.312	1.11	0.158952	3	1.09977	5	
0.314	1.11	0.150941	3	1.10534	5	
0.316	1.11	0.142946	3	1.11096	5	
0.318	1.11	0.134969	3	1.11663	5	
0.32	1.11	0.127009	3	1.08628	5	
0.322	1.11	0.119067	3	1.09246	5	
0.324	1.11	0.111143	3	1.09867	5	
0.326	1.11	0.103237	3	1.10493	5	
0.328	1.11	0.0953502	3	1.11123	5	
0.33	1.11	0.0874825	3	1.08337	5	
0.332	1.11	0.0796345	3	1.09013	5	
0.334	1.11	0.0718065	3	1.09693	5	
0.336	1.11	0.0639991	3	1.10376	5	
0.338	1.11	0.0562127	3	1.11062	5	
0.34	1.11	0.0484476	3	1.08506	5	
0.342	1.11	0.0407045	3	1.09233	5	
0.344	1.11	0.0329837	3	1.09963	5	
0.346	1.11	0.0252859	3	1.10696	5	
0.348	1.11	0.0176114	4	1.11432	5	
0.35	1.11	0.00996082	4	1.1217	5	
0.352	1.11	0.00233469	3	1.12912	5	
0.354	1.11	0.00526644	3	1.10617	5	
0.356	1.11	0.012842	3	1.11391	5	
0.358	1.11	0.0203914	3	1.12168	5	
0.36	1.11	0.0279141	3	1.12947	5	
0.362	1.11	0.0354095	4	1.13729	5	
0.364	1.11	0.0428769	3	1.14512	5	
0.366	1.11	0.0503157	4	1.15298	5	
0.368	1.11	0.0577252	3	1.16086	5	
0.37	1.11	0.0651047	3	1.16876	5	
0.372	1.11	0.0724536	3	1.14825	5	
0.374	1.11	0.0797712	3	1.1564	5	
0.376	1.11	0.0870566	3	1.16457	5	
0.378	1.11	0.0943093	3	1.17275	5	
0.38	1.11	0.101528	3	1.18094	5	
0.382	1.11	0.108713	3	1.18916	5	
0.384	1.11	0.115862	3	1.19738	5	
0.386	1.11	0.122976	3	1.20562	5	
0.388	1.11	0.130052	3	1.21388	5	
0.39	1.11	0.137091	3	1.22215	5	
0.392	1.11	0.144091	3	1.23043	5	
0.394	1.11	0.151052	3	1.23872	5	
0.396	1.11	0.157971	3	1.24703	5	
0.398	1.11	0.16485	3	1.25535	5	
0.4	1.11	0.171686	3	1.26369	5	

0.3	1.115	0.209058	3	1.11135	5	
0.302	1.115	0.200965	2	1.11617	5	
0.304	1.115	0.192886	3	1.12105	5	
0.306	1.115	0.184823	3	1.12598	5	
0.308	1.115	0.176775	3	1.09272	5	
0.31	1.115	0.168743	3	1.09819	5	
0.312	1.115	0.160726	3	1.10371	5	
0.314	1.115	0.152726	3	1.10929	5	
0.316	1.115	0.144743	3	1.1149	5	
0.318	1.115	0.136777	3	1.08424	5	
0.32	1.115	0.128828	3	1.09037	5	
0.322	1.115	0.120897	3	1.09654	5	
0.324	1.115	0.112984	3	1.10275	5	
0.326	1.115	0.10509	3	1.109	5	
0.328	1.115	0.0972146	3	1.08085	5	
0.33	1.115	0.0893586	3	1.08757	5	
0.332	1.115	0.0815223	3	1.09432	5	
0.334	1.115	0.0737062	4	1.10112	5	
0.336	1.115	0.0659107	3	1.10794	5	
0.338	1.115	0.0581362	3	1.08211	5	
0.34	1.115	0.0503833	3	1.08934	5	
0.342	1.115	0.0426524	3	1.09661	5	
0.344	1.115	0.034944	3	1.1039	5	
0.346	1.115	0.0272586	3	1.11123	5	
0.348	1.115	0.0195967	4	1.11858	5	
0.35	1.115	0.0119588	4	1.12596	5	
0.352	1.115	0.00434543	3	1.10279	5	
0.354	1.115	0.00324282	3	1.1105	5	
0.356	1.115	0.0108054	3	1.11824	5	
0.358	1.115	0.0183417	3	1.12601	5	
0.36	1.115	0.0258512	4	1.1338	5	
0.362	1.115	0.0333332	4	1.1416	5	
0.364	1.115	0.0407872	3	1.14943	5	
0.366	1.115	0.0482124	4	1.15729	5	
0.368	1.115	0.0556082	3	1.16516	5	
0.37	1.115	0.062974	3	1.14448	5	
0.372	1.115	0.070309	3	1.15261	5	
0.374	1.115	0.0776125	3	1.16075	5	
0.376	1.115	0.0848839	3	1.16891	5	
0.378	1.115	0.0921223	3	1.17709	5	
0.38	1.115	0.0993269	3	1.18528	5	
0.382	1.115	0.106497	3	1.19348	5	
0.384	1.115	0.113632	3	1.2017	5	
0.386	1.115	0.120731	3	1.20994	5	
0.388	1.115	0.127792	3	1.21819	5	
0.39	1.115	0.134816	3	1.22645	5	
0.392	1.115	0.141801	3	1.23473	5	
0.394	1.115	0.148747	3	1.24302	5	
0.396	1.115	0.155651	3	1.25132	5	
0.398	1.115	0.162514	3	1.25963	5	
0.4	1.115	0.169335	3	1.26796	5	

0.3	1.12	0.210771	3	1.11512	5	
0.302	1.12	0.202688	3	1.11994	5	
0.304	1.12	0.19462	3	1.12482	5	
0.306	1.12	0.186567	3	1.09123	5	
0.308	1.12	0.17853	3	1.09665	5	
0.31	1.12	0.170508	3	1.10213	5	
0.312	1.12	0.162503	3	1.10765	5	
0.314	1.12	0.154514	3	1.11322	5	
0.316	1.12	0.146541	3	1.08224	5	
0.318	1.12	0.138586	3	1.08832	5	
0.32	1.12	0.130649	3	1.09444	5	
0.322	1.12	0.122729	3	1.10061	5	
0.324	1.12	0.114828	3	1.10682	5	
0.326	1.12	0.106945	3	1.07837	5	
0.328	1.12	0.0990808	3	1.08505	5	
0.33	1.12	0.0912364	3	1.09176	5	
0.332	1.12	0.0834119	3	1.09851	5	
0.334	1.12	0.0756076	3	1.1053	5	
0.336	1.12	0.0678241	3	1.11213	5	
0.338	1.12	0.0600617	3	1.0864	5	
0.34	1.12	0.052321	3	1.09363	5	
0.342	1.12	0.0446023	3	1.10089	5	
0.344	1.12	0.0369063	3	1.10818	5	
0.346	1.12	0.0292333	3	1.1155	5	
0.348	1.12	0.021584	4	1.12285	5	
0.35	1.12	0.0139588	4	1.09944	5	
0.352	1.12	0.00635822	4	1.10713	5	
0.354	1.12	0.00121712	4	1.11484	5	
0.356	1.12	0.00876668	3	1.12258	5	
0.358	1.12	0.0162899	3	1.13034	5	
0.36	1.12	0.0237861	4	1.13812	5	
0.362	1.12	0.0312548	3	1.14592	5	
0.364	1.12	0.0386953	3	1.15374	5	
0.366	1.12	0.0461069	4	1.16159	5	
0.368	1.12	0.0534891	3	1.14074	5	
0.37	1.12	0.0608411	3	1.14885	5	
0.372	1.12	0.0681622	3	1.15697	5	
0.374	1.12	0.0754517	3	1.16511	5	
0.376	1.12	0.0827089	3	1.17326	5	
0.378	1.12	0.089933	3	1.18143	5	
0.38	1.12	0.0971233	3	1.18961	5	
0.382	1.12	0.104279	3	1.19781	5	
0.384	1.12	0.111399	3	1.20603	5	
0.386	1.12	0.118483	3	1.21426	5	
0.388	1.12	0.12553	3	1.2225	5	
0.39	1.12	0.132539	3	1.23076	5	
0.392	1.12	0.139509	3	1.23903	5	
0.394	1.12	0.146439	3	1.24731	5	
0.396	1.12	0.153329	3	1.25561	5	
0.398	1.12	0.160177	3	1.26392	5	
0.4	1.12	0.166982	3	1.24576	5	

0.3	1.125	0.212485	3	1.11888	5	
0.302	1.125	0.204413	3	1.12371	5	
0.304	1.125	0.196355	3	1.12859	5	
0.306	1.125	0.188313	3	1.09516	5	
0.308	1.125	0.180286	3	1.10058	5	
0.31	1.125	0.172275	3	1.10606	5	
0.312	1.125	0.164281	3	1.11158	5	
0.314	1.125	0.156303	3	1.08027	5	
0.316	1.125	0.148341	3	1.08631	5	
0.318	1.125	0.140397	3	1.09239	5	
0.32	1.125	0.132471	3	1.09851	5	
0.322	1.125	0.124563	3	1.10468	5	
0.324	1.125	0.116672	3	1.07593	5	
0.326	1.125	0.108801	3	1.08256	5	
0.328	1.125	0.100949	3	1.08924	5	
0.33	1.125	0.0931161	3	1.09595	5	
0.332	1.125	0.0853033	3	1.1027	5	
0.334	1.125	0.0775109	3	1.10948	5	
0.336	1.125	0.0697394	3	1.08349	5	
0.338	1.125	0.0619891	3	1.09068	5	
0.34	1.125	0.0542605	3	1.09791	5	
0.342	1.125	0.0465542	3	1.10516	5	
0.344	1.125	0.0388705	3	1.11245	5	
0.346	1.125	0.0312101	3	1.11976	5	
0.348	1.125	0.0235733	4	1.09613	5	
0.35	1.125	0.0159608	4	1.10379	5	
0.352	1.125	0.00837306	4	1.11147	5	
0.354	1.125	0.00081064	4	1.11918	5	
0.356	1.125	0.00672589	4	1.12691	5	
0.358	1.125	0.0142359	4	1.13466	5	
0.36	1.125	0.0217189	4	1.14244	5	
0.362	1.125	0.0291742	3	1.15024	5	
0.364	1.125	0.0366013	3	1.15805	5	
0.366	1.125	0.0439993	3	1.13704	5	
0.368	1.125	0.0513678	3	1.14512	5	
0.37	1.125	0.0587059	3	1.15322	5	
0.372	1.125	0.0660131	3	1.16133	5	
0.374	1.125	0.0732886	3	1.16946	5	
0.376	1.125	0.0805316	3	1.17761	5	
0.378	1.125	0.0877415	3	1.18577	5	
0.38	1.125	0.0949174	3	1.19395	5	
0.382	1.125	0.102059	3	1.20215	5	
0.384	1.125	0.109164	3	1.21035	5	
0.386	1.125	0.116234	3	1.21858	5	
0.388	1.125	0.123266	3	1.22681	5	
0.39	1.125	0.13026	3	1.23506	5	
0.392	1.125	0.137215	3	1.24333	5	
0.394	1.125	0.14413	3	1.25161	5	
0.396	1.125	0.151004	3	1.2599	5	
0.398	1.125	0.157836	3	1.24165	5	
0.4	1.125	0.164626	3	1.2501	5	

0.3	1.13	0.214201	3	1.12264	5	
0.302	1.13	0.206139	3	1.12747	5	
0.304	1.13	0.198092	3	1.09371	5	
0.306	1.13	0.19006	3	1.09908	5	
0.308	1.13	0.182044	3	1.10451	5	
0.31	1.13	0.174044	3	1.10998	5	
0.312	1.13	0.16606	3	1.11551	5	
0.314	1.13	0.158093	3	1.08434	5	
0.316	1.13	0.150143	3	1.09038	5	
0.318	1.13	0.14221	3	1.09646	5	
0.32	1.13	0.134295	3	1.10258	5	
0.322	1.13	0.126398	3	1.07353	5	
0.324	1.13	0.118519	3	1.08012	5	
0.326	1.13	0.110659	3	1.08675	5	
0.328	1.13	0.102819	3	1.09343	5	
0.33	1.13	0.0949975	3	1.10014	5	
0.332	1.13	0.0871966	3	1.10688	5	
0.334	1.13	0.0794161	3	1.08061	5	
0.336	1.13	0.0716565	3	1.08777	5	
0.338	1.13	0.0639183	3	1.09496	5	
0.34	1.13	0.056202	3	1.10218	5	
0.342	1.13	0.0485079	3	1.10944	5	
0.344	1.13	0.0408367	3	1.11672	5	
0.346	1.13	0.0331888	3	1.09285	5	
0.348	1.13	0.0255646	4	1.10048	5	
0.35	1.13	0.0179649	4	1.10814	5	
0.352	1.13	0.0103899	4	1.11582	5	
0.354	1.13	0.00284047	4	1.12352	5	
0.356	1.13	0.004683	4	1.13124	5	
0.358	1.13	0.0121799	4	1.13899	5	
0.36	1.13	0.0196496	4	1.14676	5	
0.362	1.13	0.0270915	3	1.15455	5	
0.364	1.13	0.034505	3	1.13336	5	
0.366	1.13	0.0418895	3	1.14142	5	
0.368	1.13	0.0492442	3	1.14949	5	
0.37	1.13	0.0565685	4	1.15759	5	
0.372	1.13	0.0638618	3	1.16569	5	
0.374	1.13	0.0711232	3	1.17382	5	
0.376	1.13	0.0783521	3	1.18196	5	
0.378	1.13	0.0855477	3	1.19012	5	
0.38	1.13	0.0927092	3	1.19829	5	
0.382	1.13	0.0998359	3	1.20648	5	
0.384	1.13	0.106927	3	1.21468	5	
0.386	1.13	0.113981	3	1.2229	5	
0.388	1.13	0.120999	3	1.23113	5	
0.39	1.13	0.127978	3	1.23938	5	
0.392	1.13	0.134918	3	1.24763	5	
0.394	1.13	0.141818	3	1.22914	5	
0.396	1.13	0.148677	3	1.23756	5	
0.398	1.13	0.155494	3	1.246	5	
0.4	1.13	0.162268	3	1.25445	5	

0.3	1.135	0.215918	3	1.12639	5	
0.302	1.135	0.207866	3	1.09229	5	
0.304	1.135	0.19983	3	1.09762	5	
0.306	1.135	0.191809	3	1.103	5	
0.308	1.135	0.183803	3	1.10843	5	
0.31	1.135	0.175814	3	1.1139	5	
0.312	1.135	0.167841	3	1.08242	5	
0.314	1.135	0.159885	3	1.08841	5	
0.316	1.135	0.151946	3	1.09444	5	
0.318	1.135	0.144024	3	1.10052	5	
0.32	1.135	0.13612	3	1.10665	5	
0.322	1.135	0.128235	3	1.07772	5	
0.324	1.135	0.120367	3	1.08431	5	
0.326	1.135	0.112519	3	1.09094	5	
0.328	1.135	0.10469	3	1.09761	5	
0.33	1.135	0.0968808	3	1.10432	5	
0.332	1.135	0.0890916	3	1.07778	5	
0.334	1.135	0.0813231	3	1.0849	5	
0.336	1.135	0.0735755	3	1.09206	5	
0.338	1.135	0.0658495	3	1.09924	5	
0.34	1.135	0.0581453	3	1.10646	5	
0.342	1.135	0.0504636	3	1.11371	5	
0.344	1.135	0.0428048	4	1.08961	5	
0.346	1.135	0.0351694	3	1.09721	5	
0.348	1.135	0.027558	4	1.10484	5	
0.35	1.135	0.0199709	4	1.11248	5	
0.352	1.135	0.0124089	4	1.12016	5	
0.354	1.135	0.00487238	4	1.12785	5	
0.356	1.135	0.00263802	4	1.13557	5	
0.358	1.135	0.0101217	4	1.14332	5	
0.36	1.135	0.0175782	4	1.15108	5	
0.362	1.135	0.0250067	3	1.12971	5	
0.364	1.135	0.0324067	3	1.13775	5	
0.366	1.135	0.0397775	3	1.1458	5	
0.368	1.135	0.0471185	3	1.15387	5	
0.37	1.135	0.054429	3	1.16196	5	
0.372	1.135	0.0617082	3	1.17006	5	
0.374	1.135	0.0689556	3	1.17818	5	
0.376	1.135	0.0761703	3	1.18632	5	
0.378	1.135	0.0833516	3	1.19447	5	
0.38	1.135	0.0904987	3	1.20263	5	
0.382	1.135	0.0976109	3	1.21082	5	
0.384	1.135	0.104687	3	1.21901	5	
0.386	1.135	0.111727	3	1.22722	5	
0.388	1.135	0.11873	3	1.23545	5	
0.39	1.135	0.125694	3	1.24369	5	
0.392	1.135	0.132618	3	1.22509	5	
0.394	1.135	0.139503	3	1.2335	5	
0.396	1.135	0.146347	3	1.24192	5	
0.398	1.135	0.153149	3	1.25036	5	
0.4	1.135	0.159907	3	1.2588	5	

0.3	1.14	0.217636	3	1.09092	5	
0.302	1.14	0.209595	3	1.0962	5	
0.304	1.14	0.201569	3	1.10153	5	
0.306	1.14	0.193559	3	1.10691	5	
0.308	1.14	0.185564	3	1.11234	5	
0.31	1.14	0.177586	3	1.08054	5	
0.312	1.14	0.169624	3	1.08648	5	
0.314	1.14	0.161679	3	1.09247	5	
0.316	1.14	0.153751	3	1.0985	5	
0.318	1.14	0.14584	3	1.10458	5	
0.32	1.14	0.137948	3	1.07536	5	
0.322	1.14	0.130073	3	1.08191	5	
0.324	1.14	0.122218	3	1.0885	5	
0.326	1.14	0.114381	3	1.09513	5	
0.328	1.14	0.106563	3	1.10179	5	
0.33	1.14	0.0987658	3	1.07498	5	
0.332	1.14	0.0909885	3	1.08207	5	
0.334	1.14	0.0832319	3	1.08919	5	
0.336	1.14	0.0754964	3	1.09634	5	
0.338	1.14	0.0677825	3	1.10352	5	
0.34	1.14	0.0600907	4	1.11074	5	
0.342	1.14	0.0524213	3	1.08641	5	
0.344	1.14	0.044775	4	1.09398	5	
0.346	1.14	0.0371521	3	1.10157	5	
0.348	1.14	0.0295533	3	1.10919	5	
0.35	1.14	0.0219791	4	1.11683	5	
0.352	1.14	0.0144299	4	1.1245	5	
0.354	1.14	0.00690637	4	1.13219	5	
0.356	1.14	0.000590935	4	1.13991	5	
0.358	1.14	0.00806144	4	1.14764	5	
0.36	1.14	0.0155046	4	1.1261	5	
0.362	1.14	0.0229197	4	1.13411	5	
0.364	1.14	0.0303061	3	1.14214	5	
0.366	1.14	0.0376633	3	1.15018	5	
0.368	1.14	0.0449905	3	1.15825	5	
0.37	1.14	0.0522872	3	1.16633	5	
0.372	1.14	0.0595525	3	1.17443	5	
0.374	1.14	0.0667857	3	1.18254	5	
0.376	1.14	0.0739862	3	1.19067	5	
0.378	1.14	0.0811532	3	1.19882	5	
0.38	1.14	0.088286	3	1.20698	5	
0.382	1.14	0.0953836	3	1.21515	5	
0.384	1.14	0.102445	3	1.22334	5	
0.386	1.14	0.10947	3	1.23155	5	
0.388	1.14	0.116458	3	1.21269	5	
0.39	1.14	0.123407	3	1.22107	5	
0.392	1.14	0.130317	3	1.22947	5	
0.394	1.14	0.137187	3	1.23787	5	
0.396	1.14	0.144015	3	1.24629	5	
0.398	1.14	0.150801	3	1.25471	5	
0.4	1.14	0.157545	3	1.26315	5	

0.3	1.145	0.219356	3	1.09482	5	
0.302	1.145	0.211326	3	1.1001	5	
0.304	1.145	0.20331	3	1.10543	5	
0.306	1.145	0.195311	3	1.11082	5	
0.308	1.145	0.187327	3	1.0787	5	
0.31	1.145	0.179359	3	1.08459	5	
0.312	1.145	0.171408	3	1.09054	5	
0.314	1.145	0.163474	3	1.09653	5	
0.316	1.145	0.155557	3	1.10256	5	
0.318	1.145	0.147658	3	1.07303	5	
0.32	1.145	0.139777	3	1.07954	5	
0.322	1.145	0.131914	3	1.08609	5	
0.324	1.145	0.124069	3	1.09268	5	
0.326	1.145	0.116244	3	1.09931	5	
0.328	1.145	0.108438	3	1.07222	5	
0.33	1.145	0.100653	3	1.07927	5	
0.332	1.145	0.0928873	3	1.08636	5	
0.334	1.145	0.0851427	3	1.09347	5	
0.336	1.145	0.0774192	3	1.10062	5	
0.338	1.145	0.0697175	3	1.1078	5	
0.34	1.145	0.0620379	4	1.11501	5	
0.342	1.145	0.0543809	3	1.09077	5	
0.344	1.145	0.0467471	4	1.09834	5	
0.346	1.145	0.0391368	3	1.10593	5	
0.348	1.145	0.0315507	3	1.11354	5	
0.35	1.145	0.0239892	4	1.12118	5	
0.352	1.145	0.016453	4	1.12884	5	
0.354	1.145	0.00894244	4	1.13653	5	
0.356	1.145	0.00145825	4	1.14424	5	
0.358	1.145	0.00599904	4	1.12251	5	
0.36	1.145	0.0134288	3	1.1305	5	
0.362	1.145	0.0208305	4	1.13851	5	
0.364	1.145	0.0282034	3	1.14653	5	
0.366	1.145	0.0355469	4	1.15457	5	
0.368	1.145	0.0428604	3	1.16263	5	
0.37	1.145	0.0501431	3	1.1707	5	
0.372	1.145	0.0573944	4	1.17879	5	
0.374	1.145	0.0646136	3	1.1869	5	
0.376	1.145	0.0717999	3	1.19503	5	
0.378	1.145	0.0789526	3	1.20317	5	
0.38	1.145	0.0860709	3	1.21132	5	
0.382	1.145	0.093154	3	1.21949	5	
0.384	1.145	0.100201	3	1.22768	5	
0.386	1.145	0.107211	3	1.20871	5	
0.388	1.145	0.114184	3	1.21708	5	
0.39	1.145	0.121118	3	1.22546	5	
0.392	1.145	0.128013	3	1.23385	5	
0.394	1.145	0.134868	3	1.24224	5	
0.396	1.145	0.141681	3	1.25065	5	
0.398	1.145	0.148452	3	1.25907	5	
0.4	1.145	0.15518	3	1.2675	5	

0.3	1.15	0.221077	3	1.09872	5	
0.302	1.15	0.213057	3	1.104	5	
0.304	1.15	0.205053	3	1.10933	5	
0.306	1.15	0.197064	3	1.0769	5	
0.308	1.15	0.189091	3	1.08275	5	
0.31	1.15	0.181134	3	1.08864	5	
0.312	1.15	0.173194	3	1.09459	5	
0.314	1.15	0.165271	3	1.10058	5	
0.316	1.15	0.157365	3	1.07075	5	
0.318	1.15	0.149477	3	1.07722	5	
0.32	1.15	0.141607	3	1.08373	5	
0.322	1.15	0.133756	3	1.09027	5	
0.324	1.15	0.125923	3	1.09686	5	
0.326	1.15	0.118109	3	1.0695	5	
0.328	1.15	0.110315	3	1.07652	5	
0.33	1.15	0.102541	3	1.08356	5	
0.332	1.15	0.0947879	3	1.09064	5	
0.334	1.15	0.0870552	3	1.09775	5	
0.336	1.15	0.0793439	3	1.1049	5	
0.338	1.15	0.0716544	3	1.11207	5	
0.34	1.15	0.0639871	4	1.08761	5	
0.342	1.15	0.0563425	3	1.09514	5	
0.344	1.15	0.0487211	4	1.1027	5	
0.346	1.15	0.0411235	3	1.11028	5	
0.348	1.15	0.0335501	3	1.11789	5	
0.35	1.15	0.0260014	4	1.12553	5	
0.352	1.15	0.0184781	4	1.13318	5	
0.354	1.15	0.0109806	4	1.14087	5	
0.356	1.15	0.00350954	4	1.11896	5	
0.358	1.15	0.00393451	3	1.12692	5	
0.36	1.15	0.0113509	4	1.1349	5	
0.362	1.15	0.0187391	4	1.1429	5	
0.364	1.15	0.0260985	3	1.15092	5	
0.366	1.15	0.0334283	4	1.15896	5	
0.368	1.15	0.040728	3	1.16701	5	
0.37	1.15	0.0479969	3	1.17508	5	
0.372	1.15	0.0552342	4	1.18316	5	
0.374	1.15	0.0624392	3	1.19127	5	
0.376	1.15	0.0696113	3	1.19939	5	
0.378	1.15	0.0767497	3	1.20752	5	
0.38	1.15	0.0838535	3	1.21567	5	
0.382	1.15	0.0909221	3	1.19643	5	
0.384	1.15	0.0979546	3	1.20476	5	
0.386	1.15	0.10495	3	1.21311	5	
0.388	1.15	0.111908	3	1.22147	5	
0.39	1.15	0.118827	3	1.22984	5	
0.392	1.15	0.125707	3	1.23823	5	
0.394	1.15	0.132546	3	1.24662	5	
0.396	1.15	0.139344	3	1.25502	5	
0.398	1.15	0.1461	3	1.26344	5	
0.4	1.15	0.152812	3	1.27186	5	

0.3	1.155	0.2228	3	1.10261	5	
0.302	1.155	0.214791	3	1.10789	5	
0.304	1.155	0.206797	3	1.07514	5	
0.306	1.155	0.198819	3	1.08094	5	
0.308	1.155	0.190856	3	1.08679	5	
0.31	1.155	0.182911	3	1.09269	5	
0.312	1.155	0.174982	3	1.09863	5	
0.314	1.155	0.16707	3	1.06851	5	
0.316	1.155	0.159175	3	1.07493	5	
0.318	1.155	0.151298	3	1.0814	5	
0.32	1.155	0.14344	3	1.0879	5	
0.322	1.155	0.135599	3	1.09445	5	
0.324	1.155	0.127778	3	1.10103	5	
0.326	1.155	0.119976	3	1.0738	5	
0.328	1.155	0.112194	3	1.08081	5	
0.33	1.155	0.104432	3	1.08785	5	
0.332	1.155	0.0966903	3	1.09493	5	
0.334	1.155	0.0889697	3	1.10203	5	
0.336	1.155	0.0812705	3	1.10917	5	
0.338	1.155	0.0735932	3	1.08447	5	
0.34	1.155	0.0659382	4	1.09198	5	
0.342	1.155	0.058306	3	1.09951	5	
0.344	1.155	0.0506972	4	1.10706	5	
0.346	1.155	0.0431122	3	1.11464	5	
0.348	1.155	0.0355515	3	1.12224	5	
0.35	1.155	0.0280157	4	1.12987	5	
0.352	1.155	0.0205053	4	1.13752	5	
0.354	1.155	0.0130208	4	1.11544	5	
0.356	1.155	0.00556294	3	1.12338	5	
0.358	1.155	0.00186785	3	1.13133	5	
0.36	1.155	0.00927091	4	1.13931	5	
0.362	1.155	0.0166456	4	1.1473	5	
0.364	1.155	0.0239914	3	1.15531	5	
0.366	1.155	0.0313076	4	1.16334	5	
0.368	1.155	0.0385935	3	1.17139	5	
0.37	1.155	0.0458484	3	1.17946	5	
0.372	1.155	0.0530717	4	1.18754	5	
0.374	1.155	0.0602636	2	1.19563	5	
0.376	1.155	0.0674205	3	1.20375	5	
0.378	1.155	0.0745445	3	1.21188	5	
0.38	1.155	0.0816339	3	1.19252	5	
0.382	1.155	0.0886879	3	1.20084	5	
0.384	1.155	0.0957057	3	1.20917	5	
0.386	1.155	0.102687	3	1.21751	5	
0.388	1.155	0.10963	3	1.22587	5	
0.39	1.155	0.116534	3	1.23423	5	
0.392	1.155	0.123398	3	1.24261	5	
0.394	1.155	0.130222	3	1.251	5	
0.396	1.155	0.137005	3	1.2594	5	
0.398	1.155	0.143745	3	1.26781	5	
0.4	1.155	0.150442	3	1.27623	5	

0.3	1.16	0.224524	3	1.10649	5	
0.302	1.16	0.216526	3	1.11177	5	
0.304	1.16	0.208542	3	1.07917	5	
0.306	1.16	0.200575	3	1.08498	5	
0.308	1.16	0.192624	3	1.09083	5	
0.31	1.16	0.184689	3	1.09673	5	
0.312	1.16	0.176771	3	1.10268	5	
0.314	1.16	0.16887	3	1.07269	5	
0.316	1.16	0.160986	3	1.07911	5	
0.318	1.16	0.153121	3	1.08558	5	
0.32	1.16	0.145274	3	1.09208	5	
0.322	1.16	0.137445	3	1.09862	5	
0.324	1.16	0.129635	3	1.07111	5	
0.326	1.16	0.121845	3	1.07809	5	
0.328	1.16	0.114075	3	1.08509	5	
0.33	1.16	0.106324	3	1.09213	5	
0.332	1.16	0.0985952	2	1.09921	5	
0.334	1.16	0.090886	3	1.10631	5	
0.336	1.16	0.083199	3	1.08138	5	
0.338	1.16	0.0755339	3	1.08885	5	
0.34	1.16	0.0678913	4	1.09635	5	
0.342	1.16	0.0602716	3	1.10387	5	
0.344	1.16	0.0526753	4	1.11142	5	
0.346	1.16	0.0451029	3	1.11899	5	
0.348	1.16	0.037555	3	1.12659	5	
0.35	1.16	0.030032	4	1.13422	5	
0.352	1.16	0.0225346	4	1.11195	5	
0.354	1.16	0.0150632	3	1.11986	5	
0.356	1.16	0.00761845	3	1.12779	5	
0.358	1.16	0.000200943	4	1.13574	5	
0.36	1.16	0.00718874	4	1.14371	5	
0.362	1.16	0.01455	4	1.1517	5	
0.364	1.16	0.0218821	3	1.15971	5	
0.366	1.16	0.0291846	4	1.16773	5	
0.368	1.16	0.0364567	3	1.17577	5	
0.37	1.16	0.0436977	3	1.18383	5	
0.372	1.16	0.0509069	3	1.19191	5	
0.374	1.16	0.0580837	4	1.2	5	
0.376	1.16	0.0652273	4	1.20811	5	
0.378	1.16	0.072337	3	1.18864	5	
0.38	1.16	0.0794119	3	1.19694	5	
0.382	1.16	0.0864514	3	1.20525	5	
0.384	1.16	0.0934546	3	1.21358	5	
0.386	1.16	0.100421	3	1.22192	5	
0.388	1.16	0.107349	3	1.23027	5	
0.39	1.16	0.114238	3	1.23863	5	
0.392	1.16	0.121087	3	1.247	5	
0.394	1.16	0.127896	3	1.25538	5	
0.396	1.16	0.134664	3	1.26378	5	
0.398	1.16	0.141389	3	1.27218	5	
0.4	1.16	0.14807	3	1.28059	5	

0.3	1.165	0.22625	3	1.11036	5	
0.302	1.165	0.218262	3	1.07745	5	
0.304	1.165	0.210289	3	1.08321	5	
0.306	1.165	0.202333	3	1.08902	5	
0.308	1.165	0.194392	3	1.09487	5	
0.31	1.165	0.186468	3	1.10077	5	
0.312	1.165	0.178561	3	1.07048	5	
0.314	1.165	0.170672	3	1.07686	5	
0.316	1.165	0.162799	3	1.08328	5	
0.318	1.165	0.154945	3	1.08975	5	
0.32	1.165	0.147109	3	1.09625	5	
0.322	1.165	0.139292	3	1.06847	5	
0.324	1.165	0.131494	3	1.0754	5	
0.326	1.165	0.123716	3	1.08237	5	
0.328	1.165	0.115957	3	1.08938	5	
0.33	1.165	0.108218	3	1.09641	5	
0.332	1.165	0.100501	3	1.10348	5	
0.334	1.165	0.0928043	3	1.07831	5	
0.336	1.165	0.0851294	3	1.08575	5	
0.338	1.165	0.0774766	3	1.09322	5	
0.34	1.165	0.0698463	4	1.10071	5	
0.342	1.165	0.062239	3	1.10823	5	
0.344	1.165	0.0546553	4	1.11578	5	
0.346	1.165	0.0470956	3	1.12335	5	
0.348	1.165	0.0395605	3	1.13094	5	
0.35	1.165	0.0320504	4	1.10849	5	
0.352	1.165	0.0245659	3	1.11637	5	
0.354	1.165	0.0171076	3	1.12428	5	
0.356	1.165	0.00967608	3	1.13221	5	
0.358	1.165	0.00227187	4	1.14015	5	
0.36	1.165	0.00510441	4	1.14812	5	
0.362	1.165	0.0124521	4	1.1561	5	
0.364	1.165	0.0197707	3	1.1641	5	
0.366	1.165	0.0270594	4	1.17212	5	
0.368	1.165	0.0343177	3	1.18016	5	
0.37	1.165	0.0415447	3	1.18821	5	
0.372	1.165	0.0487399	3	1.19628	5	
0.374	1.165	0.0559026	4	1.17651	5	
0.376	1.165	0.0630319	3	1.18478	5	
0.378	1.165	0.0701272	3	1.19307	5	
0.38	1.165	0.0771877	3	1.20136	5	
0.382	1.165	0.0842126	3	1.20967	5	
0.384	1.165	0.0912011	3	1.21799	5	
0.386	1.165	0.0981523	3	1.22633	5	
0.388	1.165	0.105066	3	1.23467	5	
0.39	1.165	0.11194	3	1.24303	5	
0.392	1.165	0.118774	3	1.25139	5	
0.394	1.165	0.125568	3	1.25977	5	
0.396	1.165	0.13232	3	1.26816	5	
0.398	1.165	0.13903	3	1.27656	5	
0.4	1.165	0.145696	3	1.28496	5	

0.3	1.17	0.227977	3	1.07576	5	
0.302	1.17	0.22	3	1.08148	5	
0.304	1.17	0.212038	3	1.08724	5	
0.306	1.17	0.204092	3	1.09304	5	
0.308	1.17	0.196162	3	1.0989	5	
0.31	1.17	0.18825	3	1.06831	5	
0.312	1.17	0.180354	3	1.07465	5	
0.314	1.17	0.172475	3	1.08103	5	
0.316	1.17	0.164614	3	1.08745	5	
0.318	1.17	0.156771	3	1.09392	5	
0.32	1.17	0.148947	3	1.06586	5	
0.322	1.17	0.141141	3	1.07276	5	
0.324	1.17	0.133355	3	1.07969	5	
0.326	1.17	0.125588	3	1.08666	5	
0.328	1.17	0.117841	3	1.09366	5	
0.33	1.17	0.110114	3	1.10069	5	
0.332	1.17	0.102409	3	1.07529	5	
0.334	1.17	0.0947244	3	1.08269	5	
0.336	1.17	0.0870617	3	1.09013	5	
0.338	1.17	0.0794211	3	1.09759	5	
0.34	1.17	0.0718033	4	1.10508	5	
0.342	1.17	0.0642085	3	1.11259	5	
0.344	1.17	0.0566374	4	1.12013	5	
0.346	1.17	0.0490904	3	1.1277	5	
0.348	1.17	0.041568	3	1.10506	5	
0.35	1.17	0.0340708	3	1.11292	5	
0.352	1.17	0.0265993	3	1.1208	5	
0.354	1.17	0.0191542	3	1.1287	5	
0.356	1.17	0.0117358	3	1.13663	5	
0.358	1.17	0.00434493	3	1.14457	5	
0.36	1.17	0.00301793	4	1.15253	5	
0.362	1.17	0.0103521	4	1.1605	5	
0.364	1.17	0.017657	3	1.1685	5	
0.366	1.17	0.024932	4	1.17651	5	
0.368	1.17	0.0321764	3	1.18454	5	
0.37	1.17	0.0393896	3	1.19259	5	
0.372	1.17	0.0465707	3	1.1727	5	
0.374	1.17	0.0537192	4	1.18096	5	
0.376	1.17	0.0608343	3	1.18922	5	
0.378	1.17	0.0679152	3	1.1975	5	
0.38	1.17	0.0749612	3	1.20579	5	
0.382	1.17	0.0819715	3	1.21409	5	
0.384	1.17	0.0889453	3	1.22241	5	
0.386	1.17	0.0958817	3	1.23074	5	
0.388	1.17	0.10278	3	1.23908	5	
0.39	1.17	0.109639	3	1.24743	5	
0.392	1.17	0.116459	3	1.25579	5	
0.394	1.17	0.123237	3	1.26416	5	
0.396	1.17	0.129974	3	1.27254	5	
0.398	1.17	0.136668	3	1.28093	5	
0.4	1.17	0.143319	3	1.28934	5	

0.3	1.175	0.229706	3	1.07979	5	
0.302	1.175	0.221739	3	1.0855	5	
0.304	1.175	0.213788	3	1.09126	5	
0.306	1.175	0.205853	3	1.09707	5	
0.308	1.175	0.197934	3	1.06619	5	
0.31	1.175	0.190032	3	1.07248	5	
0.312	1.175	0.182148	3	1.07882	5	
0.314	1.175	0.17428	3	1.0852	5	
0.316	1.175	0.166431	3	1.09162	5	
0.318	1.175	0.158599	3	1.06329	5	
0.32	1.175	0.150786	3	1.07015	5	
0.322	1.175	0.142992	3	1.07705	5	
0.324	1.175	0.135217	3	1.08398	5	
0.326	1.175	0.127462	3	1.09094	5	
0.328	1.175	0.119727	3	1.09794	5	
0.33	1.175	0.112012	3	1.07229	5	
0.332	1.175	0.104319	3	1.07967	5	
0.334	1.175	0.0966464	3	1.08707	5	
0.336	1.175	0.0889959	3	1.0945	5	
0.338	1.175	0.0813677	3	1.10196	5	
0.34	1.175	0.0737622	3	1.10944	5	
0.342	1.175	0.06618	3	1.11695	5	
0.344	1.175	0.0586214	4	1.12449	5	
0.346	1.175	0.0510871	3	1.10166	5	
0.348	1.175	0.0435776	3	1.1095	5	
0.35	1.175	0.0360933	3	1.11735	5	
0.352	1.175	0.0286349	3	1.12523	5	
0.354	1.175	0.0212028	3	1.13313	5	
0.356	1.175	0.0137977	3	1.14104	5	
0.358	1.175	0.00642013	3	1.14898	5	
0.36	1.175	0.000929285	4	1.15693	5	
0.362	1.175	0.00824994	4	1.16491	5	
0.364	1.175	0.0155412	3	1.1729	5	
0.366	1.175	0.0228024	4	1.18091	5	
0.368	1.175	0.030033	3	1.18893	5	
0.37	1.175	0.0372321	3	1.16892	5	
0.372	1.175	0.0443992	3	1.17716	5	
0.374	1.175	0.0515335	3	1.1854	5	
0.376	1.175	0.0586343	3	1.19366	5	
0.378	1.175	0.0657008	3	1.20194	5	
0.38	1.175	0.0727323	3	1.21022	5	
0.382	1.175	0.0797281	3	1.21852	5	
0.384	1.175	0.0866871	3	1.22683	5	
0.386	1.175	0.0936088	3	1.23515	5	
0.388	1.175	0.100492	3	1.24348	5	
0.39	1.175	0.107336	3	1.25183	5	
0.392	1.175	0.114141	3	1.26018	5	
0.394	1.175	0.120904	3	1.26855	5	
0.396	1.175	0.127626	3	1.27693	5	
0.398	1.175	0.134305	2	1.28532	5	
0.4	1.175	0.14094	3	1.29371	5	

0.3	1.18	0.231436	3	1.0838	5	
0.302	1.18	0.22348	3	1.08952	5	
0.304	1.18	0.215539	3	1.09528	5	
0.306	1.18	0.207615	3	1.0641	5	
0.308	1.18	0.199708	3	1.07035	5	
0.31	1.18	0.191817	3	1.07664	5	
0.312	1.18	0.183943	3	1.08298	5	
0.314	1.18	0.176087	3	1.08936	5	
0.316	1.18	0.168249	3	1.06076	5	
0.318	1.18	0.160429	3	1.06758	5	
0.32	1.18	0.152627	3	1.07444	5	
0.322	1.18	0.144845	2	1.08133	5	
0.324	1.18	0.137081	3	1.08826	5	
0.326	1.18	0.129338	3	1.09522	5	
0.328	1.18	0.121615	3	1.06934	5	
0.33	1.18	0.113912	3	1.07668	5	
0.332	1.18	0.10623	3	1.08405	5	
0.334	1.18	0.0985703	3	1.09145	5	
0.336	1.18	0.090932	3	1.09887	5	
0.338	1.18	0.0833161	3	1.10633	5	
0.34	1.18	0.0757231	3	1.11381	5	
0.342	1.18	0.0681534	3	1.12131	5	
0.344	1.18	0.0606075	4	1.09829	5	
0.346	1.18	0.0530859	3	1.1061	5	
0.348	1.18	0.0455892	3	1.11394	5	
0.35	1.18	0.0381179	3	1.12179	5	
0.352	1.18	0.0306725	3	1.12966	5	
0.354	1.18	0.0232535	3	1.13755	5	
0.356	1.18	0.0158617	3	1.14546	5	
0.358	1.18	0.00849748	3	1.15339	5	
0.36	1.18	0.00116152	4	1.16134	5	
0.362	1.18	0.00614558	4	1.16931	5	
0.364	1.18	0.0134232	3	1.1773	5	
0.366	1.18	0.0206706	4	1.15697	5	
0.368	1.18	0.0278873	3	1.16517	5	
0.37	1.18	0.0350725	3	1.17338	5	
0.372	1.18	0.0422255	3	1.18161	5	
0.374	1.18	0.0493456	3	1.18985	5	
0.376	1.18	0.0564321	3	1.19811	5	
0.378	1.18	0.0634842	3	1.20637	5	
0.38	1.18	0.0705012	3	1.21465	5	
0.382	1.18	0.0774823	3	1.22295	5	
0.384	1.18	0.0844267	3	1.23125	5	
0.386	1.18	0.0913336	3	1.23957	5	
0.388	1.18	0.0982021	3	1.24789	5	
0.39	1.18	0.105031	3	1.25623	5	
0.392	1.18	0.111821	3	1.26458	5	
0.394	1.18	0.118569	3	1.27295	5	
0.396	1.18	0.125275	3	1.28132	5	
0.398	1.18	0.131938	3	1.2897	5	
0.4	1.18	0.138558	3	1.29809	5	

0.3	1.185	0.233167	3	1.08781	5	
0.302	1.185	0.225222	3	1.09353	5	
0.304	1.185	0.217292	3	1.06205	5	
0.306	1.185	0.209379	3	1.06826	5	
0.308	1.185	0.201483	3	1.07451	5	
0.31	1.185	0.193603	3	1.0808	5	
0.312	1.185	0.18574	3	1.08714	5	
0.314	1.185	0.177895	3	1.09352	5	
0.316	1.185	0.170068	3	1.06504	5	
0.318	1.185	0.16226	3	1.07186	5	
0.32	1.185	0.15447	3	1.07872	5	
0.322	1.185	0.146699	3	1.08561	5	
0.324	1.185	0.138947	3	1.09253	5	
0.326	1.185	0.131216	3	1.06641	5	
0.328	1.185	0.123504	3	1.07372	5	
0.33	1.185	0.115814	3	1.08106	5	
0.332	1.185	0.108144	3	1.08843	5	
0.334	1.185	0.100496	3	1.09582	5	
0.336	1.185	0.0928701	3	1.10324	5	
0.338	1.185	0.0852666	3	1.11069	5	
0.34	1.185	0.077686	3	1.11817	5	
0.342	1.185	0.0701288	3	1.09496	5	
0.344	1.185	0.0625956	3	1.10274	5	
0.346	1.185	0.0550868	3	1.11055	5	
0.348	1.185	0.0476029	3	1.11837	5	
0.35	1.185	0.0401445	3	1.12622	5	
0.352	1.185	0.0327122	3	1.13409	5	
0.354	1.185	0.0253064	3	1.14197	5	
0.356	1.185	0.0179278	3	1.14988	5	
0.358	1.185	0.010577	3	1.15781	5	
0.36	1.185	0.00325449	4	1.16575	5	
0.362	1.185	0.00403903	4	1.17371	5	
0.364	1.185	0.011303	3	1.15326	5	
0.366	1.185	0.0185366	4	1.16144	5	
0.368	1.185	0.0257394	3	1.16963	5	
0.37	1.185	0.0329106	3	1.17784	5	
0.372	1.185	0.0400495	3	1.18607	5	
0.374	1.185	0.0471554	3	1.1943	5	
0.376	1.185	0.0542276	3	1.20255	5	
0.378	1.185	0.0612653	3	1.21081	5	
0.38	1.185	0.0682678	3	1.21909	5	
0.382	1.185	0.0752343	3	1.22738	5	
0.384	1.185	0.0821639	3	1.23567	5	
0.386	1.185	0.089056	3	1.24399	5	
0.388	1.185	0.0959096	3	1.25231	5	
0.39	1.185	0.102724	3	1.26064	5	
0.392	1.185	0.109498	3	1.26899	5	
0.394	1.185	0.116231	3	1.27734	5	
0.396	1.185	0.122922	3	1.28571	5	
0.398	1.185	0.12957	3	1.29409	5	
0.4	1.185	0.136174	3	1.30248	5	

0.3	1.19	0.2349	3	1.09182	5	
0.302	1.19	0.226966	3	1.09753	5	
0.304	1.19	0.219047	3	1.0662	5	
0.306	1.19	0.211145	3	1.07241	5	
0.308	1.19	0.203259	3	1.07866	5	
0.31	1.19	0.19539	3	1.08496	5	
0.312	1.19	0.187539	3	1.0913	5	
0.314	1.19	0.179705	3	1.06255	5	
0.316	1.19	0.17189	3	1.06933	5	
0.318	1.19	0.164093	3	1.07615	5	
0.32	1.19	0.156314	3	1.083	5	
0.322	1.19	0.148555	3	1.08989	5	
0.324	1.19	0.140815	3	1.09681	5	
0.326	1.19	0.133095	3	1.0708	5	
0.328	1.19	0.125396	3	1.0781	5	
0.33	1.19	0.117717	3	1.08544	5	
0.332	1.19	0.11006	3	1.0928	5	
0.334	1.19	0.102424	3	1.10019	5	
0.336	1.19	0.0948101	3	1.10761	5	
0.338	1.19	0.0872189	3	1.11506	5	
0.34	1.19	0.0796508	3	1.09166	5	
0.342	1.19	0.0721062	3	1.09941	5	
0.344	1.19	0.0645857	3	1.10719	5	
0.346	1.19	0.0570896	3	1.11499	5	
0.348	1.19	0.0496186	3	1.12281	5	
0.35	1.19	0.0421732	3	1.13065	5	
0.352	1.19	0.034754	3	1.13852	5	
0.354	1.19	0.0273614	3	1.1464	5	
0.356	1.19	0.0199961	3	1.1543	5	
0.358	1.19	0.0126586	3	1.16222	5	
0.36	1.19	0.00534963	4	1.17016	5	
0.362	1.19	0.0019303	4	1.14958	5	
0.364	1.19	0.00918052	3	1.15774	5	
0.366	1.19	0.0164004	4	1.16591	5	
0.368	1.19	0.0235893	3	1.1741	5	
0.37	1.19	0.0307464	3	1.18231	5	
0.372	1.19	0.0378712	3	1.19052	5	
0.374	1.19	0.0449629	3	1.19875	5	
0.376	1.19	0.0520208	3	1.207	5	
0.378	1.19	0.0590441	3	1.21526	5	
0.38	1.19	0.0660321	3	1.22353	5	
0.382	1.19	0.0729839	3	1.23181	5	
0.384	1.19	0.0798989	3	1.2401	5	
0.386	1.19	0.0867761	3	1.24841	5	
0.388	1.19	0.0936148	3	1.25672	5	
0.39	1.19	0.100414	3	1.26505	5	
0.392	1.19	0.107173	3	1.27339	5	
0.394	1.19	0.113891	2	1.28174	5	
0.396	1.19	0.120566	3	1.29011	5	
0.398	1.19	0.127199	3	1.29848	5	
0.4	1.19	0.133788	3	1.30686	5	

0.3	1.195	0.236635	3	1.09581	5	
0.302	1.195	0.228711	3	1.06419	5	
0.304	1.195	0.220803	3	1.07035	5	
0.306	1.195	0.212912	3	1.07656	5	
0.308	1.195	0.205037	3	1.08281	5	
0.31	1.195	0.19718	3	1.08911	5	
0.312	1.195	0.18934	3	1.06009	5	
0.314	1.195	0.181517	2	1.06683	5	
0.316	1.195	0.173713	3	1.07361	5	
0.318	1.195	0.165927	3	1.08042	5	
0.32	1.195	0.15816	3	1.08727	5	
0.322	1.195	0.150413	3	1.09416	5	
0.324	1.195	0.142685	3	1.06791	5	
0.326	1.195	0.134977	3	1.07518	5	
0.328	1.195	0.127289	3	1.08249	5	
0.33	1.195	0.119622	3	1.08982	5	
0.332	1.195	0.111977	3	1.09718	5	
0.334	1.195	0.104353	3	1.10456	5	
0.336	1.195	0.096752	3	1.11198	5	
0.338	1.195	0.0891733	3	1.08838	5	
0.34	1.195	0.0816176	3	1.09611	5	
0.342	1.195	0.0740856	3	1.10387	5	
0.344	1.195	0.0665778	3	1.11164	5	
0.346	1.195	0.0590945	3	1.11943	5	
0.348	1.195	0.0516364	3	1.12725	5	
0.35	1.195	0.044204	3	1.13509	5	
0.352	1.195	0.0367979	3	1.14295	5	
0.354	1.195	0.0294185	3	1.15082	5	
0.356	1.195	0.0220665	3	1.15872	5	
0.358	1.195	0.0147424	3	1.16664	5	
0.36	1.195	0.00744693	4	1.14592	5	
0.362	1.195	0.000180618	4	1.15406	5	
0.364	1.195	0.00705589	3	1.16222	5	
0.366	1.195	0.0142619	4	1.17039	5	
0.368	1.195	0.0214369	3	1.17857	5	
0.37	1.195	0.02858	3	1.18677	5	
0.372	1.195	0.0356907	3	1.19498	5	
0.374	1.195	0.0427682	3	1.20321	5	
0.376	1.195	0.0498117	3	1.21145	5	
0.378	1.195	0.0568206	3	1.2197	5	
0.38	1.195	0.063794	3	1.22796	5	
0.382	1.195	0.0707312	3	1.23624	5	
0.384	1.195	0.0776315	3	1.24453	5	
0.386	1.195	0.0844939	3	1.25283	5	
0.388	1.195	0.0913176	3	1.26114	5	
0.39	1.195	0.0981018	3	1.26947	5	
0.392	1.195	0.104846	3	1.2778	5	
0.394	1.195	0.111548	3	1.28615	5	
0.396	1.195	0.118209	3	1.2945	5	
0.398	1.195	0.124826	3	1.30287	5	
0.4	1.195	0.131399	3	1.31125	5	

