#1:t	2:m	3:gap1	4:kx_itr1	5:gap2	6:kx_itr2	7:...
0.24	0	0.132258	2	1.76162	4	
0.242	0	0.122794	2	1.75621	4	
0.244	0	0.11333	2	1.75081	4	
0.246	0	0.103865	2	1.74541	4	
0.248	0	0.0944015	2	1.74001	4	
0.25	0	0.0849374	2	1.73462	4	
0.252	0	0.0754724	4	1.72923	4	
0.254	0	0.0660083	4	1.72385	4	
0.256	0	0.0565442	4	1.71848	4	
0.258	0	0.0470801	4	1.71311	4	
0.26	0	0.037616	4	1.70774	4	
0.262	0	0.0281519	4	1.70238	4	
0.264	0	0.0186878	4	1.69702	4	
0.266	0	0.00922368	4	1.69167	4	
0.268	0	0.000240424	4	1.68632	4	
0.27	0	0.00970453	4	1.68098	4	
0.272	0	0.0191686	4	1.67564	4	
0.274	0	0.0286327	4	1.67031	4	
0.276	0	0.0380968	4	1.66498	4	
0.278	0	0.0475609	4	1.65966	4	
0.28	0	0.057025	4	1.65434	4	
0.282	0	0.0664891	4	1.64902	4	
0.284	0	0.0759542	2	1.64371	4	
0.286	0	0.0854182	2	1.63841	4	
0.288	0	0.0948822	2	1.63311	4	

0.24	0.01	0.129083	3	1.77566	4	
0.242	0.01	0.119619	3	1.77025	4	
0.244	0.01	0.110155	3	1.76485	4	
0.246	0.01	0.100691	3	1.75945	4	
0.248	0.01	0.0912266	3	1.75406	4	
0.25	0.01	0.0881024	3	1.74868	4	
0.252	0.01	0.0786384	3	1.74329	4	
0.254	0.01	0.0691745	3	1.73792	4	
0.256	0.01	0.0597105	3	1.73254	4	
0.258	0.01	0.0502465	3	1.72718	4	
0.26	0.01	0.0407825	3	1.72181	4	
0.262	0.01	0.0313185	3	1.71646	4	
0.264	0.01	0.0218546	4	1.7111	4	
0.266	0.01	0.0123906	4	1.70576	4	
0.268	0.01	0.00292663	4	1.70041	4	
0.27	0.01	0.00653734	4	1.69507	4	
0.272	0.01	0.0160013	3	1.68974	4	
0.274	0.01	0.0254653	3	1.68441	4	
0.276	0.01	0.0349292	3	1.67909	4	
0.278	0.01	0.0443932	3	1.67377	4	
0.28	0.01	0.0538572	3	1.66845	4	
0.282	0.01	0.0633211	3	1.66314	4	
0.284	0.01	0.0727851	3	1.65784	4	
0.286	0.01	0.082249	3	1.65254	4	
0.288	0.01	0.091713	3	1.64724	4	

0.24	0.02	0.125899	3	1.78968	4	
0.242	0.02	0.116435	3	1.78428	4	
0.244	0.02	0.106972	3	1.77888	4	
0.246	0.02	0.097508	3	1.77349	4	
0.248	0.02	0.0880443	3	1.76811	4	
0.25	0.02	0.0785807	3	1.76272	4	
0.252	0.02	0.0755492	3	1.75734	4	
0.254	0.02	0.0660868	3	1.75197	4	
0.256	0.02	0.0566244	4	1.7466	4	
0.258	0.02	0.0471621	3	1.74124	4	
0.26	0.02	0.0376997	3	1.73588	4	
0.262	0.02	0.0282374	3	1.73053	4	
0.264	0.02	0.0187752	3	1.72518	4	
0.266	0.02	0.00931291	4	1.71983	4	
0.268	0.02	0.000149305	4	1.71449	4	
0.27	0.02	0.00337547	4	1.70916	4	
0.272	0.02	0.012839	4	1.70383	4	
0.274	0.02	0.0223026	4	1.6985	4	
0.276	0.02	0.0317662	4	1.69318	4	
0.278	0.02	0.0412297	4	1.68787	4	
0.28	0.02	0.0506932	4	1.68256	4	
0.282	0.02	0.0601568	3	1.67725	4	
0.284	0.02	0.0696203	3	1.67195	4	
0.286	0.02	0.0790838	3	1.66665	4	
0.288	0.02	0.0885473	3	1.66136	4	

0.24	0.03	0.122706	3	1.8037	4	
0.242	0.03	0.113243	3	1.7983	4	
0.244	0.03	0.10378	3	1.79291	4	
0.246	0.03	0.0943166	3	1.78752	4	
0.248	0.03	0.0848536	3	1.78214	4	
0.25	0.03	0.0753906	3	1.77676	4	
0.252	0.03	0.0659275	3	1.77139	4	
0.254	0.03	0.0564645	4	1.76602	4	
0.256	0.03	0.0470015	4	1.76065	4	
0.258	0.03	0.0375385	3	1.7553	4	
0.26	0.03	0.0378044	3	1.74994	4	
0.262	0.03	0.0283444	4	1.74459	4	
0.264	0.03	0.0188844	4	1.73925	4	
0.266	0.03	0.00942446	3	1.73391	4	
0.268	0.03	3.53972e-05	4	1.72857	4	
0.27	0.03	0.00949519	4	1.72324	4	
0.272	0.03	0.0189549	4	1.71791	4	
0.274	0.03	0.0284146	3	1.71037	4	
0.276	0.03	0.0378742	3	1.70507	4	
0.278	0.03	0.0380703	3	1.69977	4	
0.28	0.03	0.0475332	3	1.69448	4	
0.282	0.03	0.056996	3	1.6892	4	
0.284	0.03	0.0664588	3	1.68392	4	
0.286	0.03	0.0759215	3	1.67865	4	
0.288	0.03	0.0853843	3	1.67338	4	

0.24	0.04	0.119503	3	1.8158	4	
0.242	0.04	0.110041	3	1.81042	4	
0.244	0.04	0.100579	3	1.80505	4	
0.246	0.04	0.0911165	3	1.79968	4	
0.248	0.04	0.0816542	3	1.79431	4	
0.25	0.04	0.0721921	3	1.78895	4	
0.252	0.04	0.0627299	4	1.7836	4	
0.254	0.04	0.0532677	3	1.77825	4	
0.256	0.04	0.0438056	3	1.7729	4	
0.258	0.04	0.0343435	3	1.76756	4	
0.26	0.04	0.0248814	3	1.76223	4	
0.262	0.04	0.0154194	3	1.7569	4	
0.264	0.04	0.00595736	4	1.75158	4	
0.266	0.04	0.00350463	4	1.74626	4	
0.268	0.04	0.000124088	4	1.74094	4	
0.27	0.04	0.00933236	3	1.73563	4	
0.272	0.04	0.0187887	4	1.73033	4	
0.274	0.04	0.0282449	3	1.72503	4	
0.276	0.04	0.037701	3	1.71973	4	
0.278	0.04	0.034915	4	1.71444	4	
0.28	0.04	0.0443768	4	1.70916	4	
0.282	0.04	0.0538387	3	1.70388	4	
0.284	0.04	0.0633005	3	1.6986	4	
0.286	0.04	0.0727622	3	1.69333	4	
0.288	0.04	0.0822239	3	1.68807	4	

0.24	0.05	0.116291	3	1.83037	4	
0.242	0.05	0.10683	3	1.825	4	
0.244	0.05	0.0973685	3	1.81963	4	
0.246	0.05	0.0879073	3	1.81426	4	
0.248	0.05	0.0784462	3	1.8089	4	
0.25	0.05	0.0689851	4	1.80355	4	
0.252	0.05	0.059524	3	1.7982	4	
0.254	0.05	0.0500629	3	1.79285	4	
0.256	0.05	0.0406019	3	1.78751	4	
0.258	0.05	0.031141	3	1.78218	4	
0.26	0.05	0.0216801	4	1.77685	4	
0.262	0.05	0.0122192	4	1.77152	4	
0.264	0.05	0.00275834	4	1.7662	4	
0.266	0.05	0.00670245	3	1.76089	4	
0.268	0.05	0.0161632	3	1.75558	4	
0.27	0.05	0.0256239	4	1.75027	4	
0.272	0.05	0.00338145	4	1.74497	4	
0.274	0.05	0.0128422	3	1.73968	4	
0.276	0.05	0.0223029	3	1.73439	4	
0.278	0.05	0.0317636	3	1.7291	4	
0.28	0.05	0.0412242	4	1.72382	4	
0.282	0.05	0.0506848	3	1.71855	4	
0.284	0.05	0.0601453	3	1.71328	4	
0.286	0.05	0.0696057	3	1.70801	4	
0.288	0.05	0.0790661	3	1.70275	4	

0.24	0.06	0.113069	3	1.84494	4	
0.242	0.06	0.103609	3	1.83957	4	
0.244	0.06	0.0941489	2	1.8342	4	
0.246	0.06	0.0846892	2	1.82884	4	
0.248	0.06	0.07523	2	1.82349	4	
0.25	0.06	0.0657701	2	1.81814	4	
0.252	0.06	0.0563098	2	1.81279	4	
0.254	0.06	0.04685	3	1.80745	4	
0.256	0.06	0.0373904	3	1.80212	4	
0.258	0.06	0.0279308	4	1.79679	4	
0.26	0.06	0.0184713	4	1.79146	4	
0.262	0.06	0.00901189	3	1.78614	4	
0.264	0.06	0.000447493	4	1.78082	4	
0.266	0.06	0.00990681	4	1.77551	4	
0.268	0.06	0.0193661	4	1.77021	4	
0.27	0.06	0.00886701	3	1.76491	4	
0.272	0.06	0.000238309	4	1.75961	4	
0.274	0.06	0.00969761	3	1.75432	4	
0.276	0.06	0.0191569	4	1.74903	4	
0.278	0.06	0.028616	4	1.74375	4	
0.28	0.06	0.0380751	3	1.73848	4	
0.282	0.06	0.0475342	3	1.73321	4	
0.284	0.06	0.0569931	3	1.72794	4	
0.286	0.06	0.066452	3	1.72268	4	
0.288	0.06	0.0759108	3	1.71742	4	

0.24	0.07	0.109837	3	1.85949	4	
0.242	0.07	0.100378	3	1.85412	4	
0.244	0.07	0.0909198	3	1.84876	4	
0.246	0.07	0.0814614	3	1.84341	4	
0.248	0.07	0.0720032	3	1.83806	4	
0.25	0.07	0.062545	3	1.83271	4	
0.252	0.07	0.0530869	3	1.82737	4	
0.254	0.07	0.0436288	3	1.82204	4	
0.256	0.07	0.0341708	4	1.81671	4	
0.258	0.07	0.0247129	3	1.81138	4	
0.26	0.07	0.0152551	3	1.80606	4	
0.262	0.07	0.00579739	4	1.80074	4	
0.264	0.07	0.00366025	4	1.79543	4	
0.266	0.07	0.0103172	4	1.79013	4	
0.268	0.07	0.000876184	4	1.78483	4	
0.27	0.07	0.00856445	4	1.77953	4	
0.272	0.07	0.0029003	3	1.77424	4	
0.274	0.07	0.0065573	4	1.76895	4	
0.276	0.07	0.0160148	4	1.76367	4	
0.278	0.07	0.0254722	3	1.75839	4	
0.28	0.07	0.0349296	3	1.75312	4	
0.282	0.07	0.0443868	4	1.74786	4	
0.284	0.07	0.0538439	3	1.74259	4	
0.286	0.07	0.0633009	3	1.73734	4	
0.288	0.07	0.0727579	3	1.73208	4	

0.24	0.08	0.106594	3	1.87404	4	
0.242	0.08	0.0971376	3	1.86868	4	
0.244	0.08	0.087681	3	1.86332	4	
0.246	0.08	0.0782244	3	1.85797	4	
0.248	0.08	0.068768	3	1.85262	4	
0.25	0.08	0.0593116	3	1.84728	4	
0.252	0.08	0.0498553	3	1.84195	4	
0.254	0.08	0.0403992	4	1.83662	4	
0.256	0.08	0.0309431	3	1.83129	4	
0.258	0.08	0.0214872	3	1.82597	4	
0.26	0.08	0.0120313	4	1.82065	4	
0.262	0.08	0.00257556	4	1.81534	4	
0.264	0.08	0.00688007	3	1.81003	4	
0.266	0.08	0.0106521	4	1.80473	4	
0.268	0.08	0.00121817	4	1.79944	4	
0.27	0.08	0.00821527	4	1.79414	4	
0.272	0.08	0.00603449	4	1.78886	4	
0.274	0.08	0.00342116	4	1.78358	4	
0.276	0.08	0.0128767	3	1.7783	4	
0.278	0.08	0.0223321	3	1.77303	4	
0.28	0.08	0.0317874	4	1.76776	4	
0.282	0.08	0.0412426	3	1.7625	4	
0.284	0.08	0.0506976	3	1.75724	4	
0.286	0.08	0.0601525	3	1.75199	4	
0.288	0.08	0.0696073	3	1.74674	4	

0.24	0.09	0.103342	3	1.88857	4	
0.242	0.09	0.0938869	3	1.88322	4	
0.244	0.09	0.0844323	3	1.87787	4	
0.246	0.09	0.0749778	3	1.87252	4	
0.248	0.09	0.0655234	3	1.86718	4	
0.25	0.09	0.0560692	3	1.86184	4	
0.252	0.09	0.046615	4	1.85651	4	
0.254	0.09	0.037161	3	1.85119	4	
0.256	0.09	0.0277071	3	1.84586	4	
0.258	0.09	0.0182534	4	1.84055	4	
0.26	0.09	0.00879975	3	1.83524	4	
0.262	0.09	0.000653733	4	1.82993	4	
0.264	0.09	0.0101071	4	1.82463	4	
0.266	0.09	0.0110317	3	1.81933	4	
0.268	0.09	0.0280717	4	1.81404	4	
0.27	0.09	0.0186179	3	1.80875	4	
0.272	0.09	0.00916436	4	1.80347	4	
0.274	0.09	0.000289086	4	1.79819	4	
0.276	0.09	0.00974239	3	1.79292	4	
0.278	0.09	0.0191955	4	1.78765	4	
0.28	0.09	0.0286485	3	1.78238	4	
0.282	0.09	0.0381014	3	1.77713	4	
0.284	0.09	0.0475541	4	1.77187	4	
0.286	0.09	0.0570066	3	1.76662	4	
0.288	0.09	0.0664589	3	1.76138	4	

0.24	0.1	0.100078	3	1.9031	4	
0.242	0.1	0.090626	3	1.89775	4	
0.244	0.1	0.0811736	3	1.8924	4	
0.246	0.1	0.0717214	3	1.88706	4	
0.248	0.1	0.0622694	3	1.88173	4	
0.25	0.1	0.0528175	4	1.87639	4	
0.252	0.1	0.0433657	3	1.87107	4	
0.254	0.1	0.0339141	3	1.86575	4	
0.256	0.1	0.0244627	4	1.86043	4	
0.258	0.1	0.0150114	3	1.85512	4	
0.26	0.1	0.00556031	4	1.84981	4	
0.262	0.1	0.00389062	4	1.84451	4	
0.264	0.1	0.0208738	3	1.83921	4	
0.266	0.1	0.0114562	3	1.83392	4	
0.268	0.1	0.00203928	4	1.82863	4	
0.27	0.1	0.0217412	3	1.82334	4	
0.272	0.1	0.01229	4	1.81807	4	
0.274	0.1	0.00283901	4	1.81279	4	
0.276	0.1	0.00661181	4	1.80752	4	
0.278	0.1	0.0160625	4	1.80226	4	
0.28	0.1	0.0255129	3	1.797	4	
0.282	0.1	0.0349632	4	1.79175	4	
0.284	0.1	0.0444132	3	1.7865	4	
0.286	0.1	0.0538631	3	1.78125	4	
0.288	0.1	0.0633128	3	1.77601	4	

0.24	0.11	0.0968046	3	1.91762	4	
0.242	0.11	0.0873546	3	1.91227	4	
0.244	0.11	0.0779048	3	1.90693	4	
0.246	0.11	0.0684552	3	1.90159	4	
0.248	0.11	0.0590057	3	1.89626	4	
0.25	0.11	0.0495564	3	1.89094	4	
0.252	0.11	0.0401073	3	1.88561	4	
0.254	0.11	0.0306584	3	1.8803	4	
0.256	0.11	0.0212097	4	1.87498	4	
0.258	0.11	0.0117612	3	1.86968	4	
0.26	0.11	0.00231287	4	1.86437	4	
0.262	0.11	0.00713522	4	1.85907	4	
0.264	0.11	0.0213333	4	1.85378	4	
0.266	0.11	0.0119254	4	1.84849	4	
0.268	0.11	0.00251847	4	1.84321	4	
0.27	0.11	0.00688762	4	1.83793	4	
0.272	0.11	0.0162928	3	1.83266	4	
0.274	0.11	0.00596323	3	1.82739	4	
0.276	0.11	0.00348487	4	1.82212	4	
0.278	0.11	0.0129328	3	1.81686	4	
0.28	0.11	0.0223804	4	1.81161	4	
0.282	0.11	0.0318279	3	1.80636	4	
0.284	0.11	0.041275	3	1.80111	4	
0.286	0.11	0.050722	3	1.79587	4	
0.288	0.11	0.0601687	3	1.79064	4	

0.24	0.12	0.0935199	3	1.93213	4	
0.242	0.12	0.0840727	3	1.92679	4	
0.244	0.12	0.0746256	3	1.92145	4	
0.246	0.12	0.0651788	3	1.91612	4	
0.248	0.12	0.0557322	3	1.91079	4	
0.25	0.12	0.0462858	3	1.90547	4	
0.252	0.12	0.0368396	3	1.90015	4	
0.254	0.12	0.0273937	4	1.89484	4	
0.256	0.12	0.017948	3	1.88953	4	
0.258	0.12	0.00850251	4	1.88422	4	
0.26	0.12	0.000942709	3	1.87893	4	
0.262	0.12	0.0103877	4	1.87363	4	
0.264	0.12	0.0218367	4	1.86834	4	
0.266	0.12	0.0124396	3	1.86306	4	
0.268	0.12	0.00304349	4	1.85778	4	
0.27	0.12	0.00635155	3	1.85251	4	
0.272	0.12	0.0157455	3	1.84023	4	
0.274	0.12	0.0251384	3	1.835	4	
0.276	0.12	0.000361472	4	1.82978	4	
0.278	0.12	0.00980636	3	1.82456	4	
0.28	0.12	0.019251	4	1.81935	4	
0.282	0.12	0.0286953	3	1.81414	4	
0.284	0.12	0.0381394	4	1.80894	4	
0.286	0.12	0.0475832	3	1.80374	4	
0.288	0.12	0.0570267	3	1.79855	4	

0.24	0.13	0.0902242	3	1.93929	4	
0.242	0.13	0.08078	3	1.93398	4	
0.244	0.13	0.071336	3	1.92868	4	
0.246	0.13	0.0618922	3	1.92338	4	
0.248	0.13	0.0524487	3	1.91809	4	
0.25	0.13	0.0430055	3	1.9128	4	
0.252	0.13	0.0335625	4	1.90752	4	
0.254	0.13	0.0241198	3	1.90224	4	
0.256	0.13	0.0146774	4	1.89697	4	
0.258	0.13	0.00523528	3	1.89171	4	
0.26	0.13	0.00420656	4	1.88644	4	
0.262	0.13	0.0136481	3	1.88119	4	
0.264	0.13	0.0230893	4	1.87594	4	
0.266	0.13	0.0129986	3	1.87069	4	
0.268	0.13	0.00361437	4	1.86545	4	
0.27	0.13	0.00576865	3	1.86022	4	
0.272	0.13	0.0151504	3	1.85499	4	
0.274	0.13	0.0245308	3	1.84976	4	
0.276	0.13	0.00275849	4	1.84454	4	
0.278	0.13	0.00668315	4	1.83933	4	
0.28	0.13	0.0161245	4	1.83412	4	
0.282	0.13	0.0255655	3	1.82892	4	
0.284	0.13	0.0350062	3	1.82372	4	
0.286	0.13	0.0444466	3	1.81853	4	
0.288	0.13	0.0538866	4	1.81334	4	

0.24	0.14	0.0869173	3	1.95397	4	
0.242	0.14	0.0774764	3	1.94866	4	
0.244	0.14	0.0680357	3	1.94337	4	
0.246	0.14	0.0585953	4	1.93807	4	
0.248	0.14	0.0491552	3	1.93278	4	
0.25	0.14	0.0397154	4	1.9275	4	
0.252	0.14	0.0302759	3	1.92222	4	
0.254	0.14	0.0208367	4	1.91695	4	
0.256	0.14	0.0113978	3	1.91168	4	
0.258	0.14	0.00195934	4	1.90642	4	
0.26	0.14	0.00747883	3	1.90117	4	
0.262	0.14	0.0169166	4	1.89591	4	
0.264	0.14	0.0263541	4	1.89067	4	
0.266	0.14	0.0357912	3	1.88543	4	
0.268	0.14	0.00423118	4	1.88019	4	
0.27	0.14	0.00513884	4	1.87496	4	
0.272	0.14	0.0145074	4	1.86973	4	
0.274	0.14	0.0153136	4	1.86451	4	
0.276	0.14	0.0058751	4	1.8593	4	
0.278	0.14	0.00356306	4	1.85409	4	
0.28	0.14	0.0130009	4	1.84889	4	
0.282	0.14	0.0224383	3	1.84369	4	
0.284	0.14	0.0318754	4	1.83849	4	
0.286	0.14	0.0413121	3	1.8333	4	
0.288	0.14	0.0507484	3	1.82812	4	

0.24	0.15	0.0835995	2	1.96863	4	
0.242	0.15	0.0741618	2	1.96334	4	
0.244	0.15	0.0647245	3	1.95804	4	
0.246	0.15	0.0552878	3	1.95275	4	
0.248	0.15	0.0458513	3	1.94747	4	
0.25	0.15	0.0364152	3	1.94219	4	
0.252	0.15	0.0269795	4	1.93692	4	
0.254	0.15	0.0175441	3	1.93165	4	
0.256	0.15	0.00810915	4	1.92639	4	
0.258	0.15	0.00132545	4	1.92113	4	
0.26	0.15	0.0107596	4	1.91588	4	
0.262	0.15	0.0201934	4	1.91063	4	
0.264	0.15	0.0296268	3	1.90539	4	
0.266	0.15	0.0142517	4	1.90015	4	
0.268	0.15	0.00489396	3	1.89492	4	
0.27	0.15	0.00446208	3	1.88969	4	
0.272	0.15	0.0138164	4	1.88447	4	
0.274	0.15	0.0231691	4	1.87926	4	
0.276	0.15	0.00898846	4	1.87405	4	
0.278	0.15	0.000445988	4	1.86884	4	
0.28	0.15	0.00988003	4	1.86364	4	
0.282	0.15	0.0193137	3	1.85844	4	
0.284	0.15	0.0287469	3	1.85325	4	
0.286	0.15	0.0381796	3	1.84807	4	
0.288	0.15	0.047612	3	1.84289	4	

0.24	0.16	0.0802693	3	1.98329	4	
0.242	0.16	0.0708357	3	1.978	4	
0.244	0.16	0.0614024	3	1.97271	4	
0.246	0.16	0.0519695	3	1.96742	4	
0.248	0.16	0.042537	3	1.96214	4	
0.25	0.16	0.0331049	4	1.95687	4	
0.252	0.16	0.0236732	3	1.9516	4	
0.254	0.16	0.014242	4	1.94634	4	
0.256	0.16	0.00481116	4	1.94108	4	
0.258	0.16	0.00461922	4	1.93583	4	
0.26	0.16	0.0140491	4	1.93058	4	
0.262	0.16	0.0234786	3	1.92533	4	
0.264	0.16	0.0242906	3	1.9201	4	
0.266	0.16	0.0149458	4	1.91486	4	
0.268	0.16	0.0056028	4	1.90964	4	
0.27	0.16	0.0037383	3	1.90442	4	
0.272	0.16	0.0130775	4	1.8992	4	
0.274	0.16	0.0224147	4	1.89399	4	
0.276	0.16	0.0120987	4	1.88878	4	
0.278	0.16	0.00266816	4	1.88358	4	
0.28	0.16	0.00676189	4	1.87838	4	
0.282	0.16	0.0161915	3	1.87319	4	
0.284	0.16	0.0256206	3	1.86801	4	
0.286	0.16	0.0350492	4	1.86282	4	
0.288	0.16	0.0444773	3	1.85765	4	

0.24	0.17	0.0769278	3	1.99794	4	
0.242	0.17	0.0674983	4	1.99265	4	
0.244	0.17	0.0580691	3	1.98736	4	
0.246	0.17	0.0486404	3	1.98208	4	
0.248	0.17	0.0392121	3	1.97681	4	
0.25	0.17	0.0297843	3	1.97154	4	
0.252	0.17	0.020357	4	1.96627	4	
0.254	0.17	0.0109301	3	1.96101	4	
0.256	0.17	0.00150374	4	1.95576	4	
0.258	0.17	0.00792212	4	1.95051	4	
0.26	0.17	0.0173475	3	1.94527	4	
0.262	0.17	0.0267722	3	1.94003	4	
0.264	0.17	0.0250144	3	1.9348	4	
0.266	0.17	0.015685	3	1.92957	4	
0.268	0.17	0.00635775	4	1.92434	4	
0.27	0.17	0.00296742	4	1.91913	4	
0.272	0.17	0.0122904	4	1.91391	4	
0.274	0.17	0.0246326	4	1.90871	4	
0.276	0.17	0.0152058	4	1.9035	4	
0.278	0.17	0.00577947	3	1.89831	4	
0.28	0.17	0.00364634	4	1.89311	4	
0.282	0.17	0.0130716	4	1.88793	4	
0.284	0.17	0.0224964	3	1.88275	4	
0.286	0.17	0.0319206	3	1.87757	4	
0.288	0.17	0.0413442	4	1.8724	4	

0.24	0.18	0.0735745	3	2.01257	4	
0.242	0.18	0.0641492	3	2.00729	4	
0.244	0.18	0.0547245	4	2.00201	4	
0.246	0.18	0.0453002	3	1.99673	4	
0.248	0.18	0.0358765	3	1.99146	4	
0.25	0.18	0.0264532	4	1.9862	4	
0.252	0.18	0.0170305	3	1.98094	4	
0.254	0.18	0.00760834	4	1.97568	4	
0.256	0.18	0.00181327	4	1.97043	4	
0.258	0.18	0.0112343	4	1.96519	4	
0.26	0.18	0.0206547	3	1.95995	4	
0.262	0.18	0.0300746	3	1.95471	4	
0.264	0.18	0.0257825	4	1.94948	4	
0.266	0.18	0.0164695	3	1.94426	4	
0.268	0.18	0.00715888	4	1.93904	4	
0.27	0.18	0.00214937	4	1.93383	4	
0.272	0.18	0.0371554	3	1.92862	4	
0.274	0.18	0.0277324	4	1.92342	4	
0.276	0.18	0.0183099	4	1.91822	4	
0.278	0.18	0.00888803	3	1.91302	4	
0.28	0.18	0.00053332	4	1.90784	4	
0.282	0.18	0.00995409	4	1.90265	4	
0.284	0.18	0.0193743	3	1.89748	4	
0.286	0.18	0.0287938	3	1.8923	4	
0.288	0.18	0.0382128	3	1.88714	4	

0.24	0.19	0.070209	3	2.0272	4	
0.242	0.19	0.0607884	3	2.02192	4	
0.244	0.19	0.0513684	3	2.01664	4	
0.246	0.19	0.0419488	3	2.01137	4	
0.248	0.19	0.0325299	4	2.0061	4	
0.25	0.19	0.0231115	3	2.00084	4	
0.252	0.19	0.0136937	4	1.99559	4	
0.254	0.19	0.00427654	3	1.99034	4	
0.256	0.19	0.00514	4	1.98509	4	
0.258	0.19	0.0145559	4	1.97985	4	
0.26	0.19	0.0239711	4	1.97462	4	
0.262	0.19	0.035893	3	1.96939	4	
0.264	0.19	0.0265949	4	1.96416	4	
0.266	0.19	0.0172993	3	1.95894	4	
0.268	0.19	0.00800628	4	1.95373	4	
0.27	0.19	0.00128407	4	1.94852	4	
0.272	0.19	0.0105717	4	1.94331	4	
0.274	0.19	0.0198565	4	1.93812	4	
0.276	0.19	0.0214112	3	1.93292	4	
0.278	0.19	0.0119939	3	1.92773	4	
0.28	0.19	0.00257727	4	1.92255	4	
0.282	0.19	0.00683875	4	1.91737	4	
0.284	0.19	0.0162541	3	1.9122	4	
0.286	0.19	0.0256688	3	1.90703	4	
0.288	0.19	0.0350828	3	1.90186	4	

0.24	0.2	0.0668314	3	2.04181	4	
0.242	0.2	0.0574157	3	2.03654	4	
0.244	0.2	0.0480005	3	2.03126	4	
0.246	0.2	0.0385861	3	2.026	4	
0.248	0.2	0.0291722	4	2.02074	4	
0.25	0.2	0.019759	3	2.01548	4	
0.252	0.2	0.0103464	3	2.01023	4	
0.254	0.2	0.000934554	4	2.00498	4	
0.256	0.2	0.0084766	4	1.99974	4	
0.258	0.2	0.017887	4	1.99451	4	
0.26	0.2	0.0272967	3	1.98928	4	
0.262	0.2	0.0367317	3	1.98405	4	
0.264	0.2	0.0274517	4	1.97883	4	
0.266	0.2	0.0181744	3	1.97361	4	
0.268	0.2	0.00890003	4	1.9684	4	
0.27	0.2	0.000371428	4	1.9632	4	
0.272	0.2	0.00963987	4	1.958	4	
0.274	0.2	0.0189052	4	1.9528	4	
0.276	0.2	0.0281674	3	1.94761	4	
0.278	0.2	0.0150973	3	1.94243	4	
0.28	0.2	0.00568553	4	1.93725	4	
0.282	0.2	0.00372552	4	1.93207	4	
0.284	0.2	0.0131358	4	1.9269	4	
0.286	0.2	0.0225454	3	1.92174	4	
0.288	0.2	0.0319542	3	1.91658	4	

0.24	0.21	0.0634413	3	2.05642	4	
0.242	0.21	0.0540308	3	2.05114	4	
0.244	0.21	0.0446209	4	2.04588	4	
0.246	0.21	0.0352117	3	2.04062	4	
0.248	0.21	0.0258032	3	2.03536	4	
0.25	0.21	0.0163955	3	2.03011	4	
0.252	0.21	0.00698847	4	2.02486	4	
0.254	0.21	0.00241778	4	2.01962	4	
0.256	0.21	0.0118232	4	2.01438	4	
0.258	0.21	0.0212279	3	2.00915	4	
0.26	0.21	0.0306317	3	2.00392	4	
0.262	0.21	0.037614	4	1.9987	4	
0.264	0.21	0.028353	3	1.99349	4	
0.266	0.21	0.019095	4	1.98828	4	
0.268	0.21	0.00984021	4	1.98307	4	
0.27	0.21	0.000588639	4	1.96853	5	
0.272	0.21	0.0086596	3	1.96338	5	
0.274	0.21	0.0179044	4	1.95824	5	
0.276	0.21	0.0271457	4	1.95311	5	
0.278	0.21	0.0181981	3	1.94798	5	
0.28	0.21	0.00879153	4	1.94285	5	
0.282	0.21	0.000614316	4	1.93773	5	
0.284	0.21	0.0100194	4	1.93262	5	
0.286	0.21	0.0194236	3	1.92752	5	
0.288	0.21	0.028827	3	1.92241	5	

0.24	0.22	0.0600386	4	2.07101	4	
0.242	0.22	0.0506335	3	2.06574	4	
0.244	0.22	0.0412292	3	2.06048	4	
0.246	0.22	0.0318256	3	2.04552	5	
0.248	0.22	0.0224228	4	2.04031	5	
0.25	0.22	0.0130209	4	2.03511	5	
0.252	0.22	0.0036197	4	2.02991	5	
0.254	0.22	0.00578061	4	2.02471	5	
0.256	0.22	0.01518	3	2.01953	5	
0.258	0.22	0.0245786	3	2.01434	5	
0.26	0.22	0.0339762	3	2.00917	5	
0.262	0.22	0.0433729	3	2.004	5	
0.264	0.22	0.0292989	3	1.99883	5	
0.266	0.22	0.0200611	4	1.99367	5	
0.268	0.22	0.0108269	4	1.98852	5	
0.27	0.22	0.00159623	4	1.98337	5	
0.272	0.22	0.00763079	3	1.97823	5	
0.274	0.22	0.0168541	3	1.97309	5	
0.276	0.22	0.0260735	4	1.96796	5	
0.278	0.22	0.0212966	4	1.96283	5	
0.28	0.22	0.0118954	4	1.95771	5	
0.282	0.22	0.00249494	4	1.9526	5	
0.284	0.22	0.00690462	4	1.94749	5	
0.286	0.22	0.0163033	4	1.94239	5	
0.288	0.22	0.0257011	4	1.93729	5	

0.24	0.23	0.0566231	3	2.07595	5	
0.242	0.23	0.0472238	3	2.07073	5	
0.244	0.23	0.0378253	3	2.06551	5	
0.246	0.23	0.0284276	4	2.0603	5	
0.248	0.23	0.0190309	4	2.0551	5	
0.25	0.23	0.00963495	4	2.0499	5	
0.252	0.23	0.000239961	4	2.0447	5	
0.254	0.23	0.0091541	3	2.03951	5	
0.256	0.23	0.0185472	3	2.03433	5	
0.258	0.23	0.0279393	3	2.02915	5	
0.26	0.23	0.0373304	3	2.02398	5	
0.262	0.23	0.0467204	3	2.01881	5	
0.264	0.23	0.0302894	3	2.01365	5	
0.266	0.23	0.0210729	3	2.0085	5	
0.268	0.23	0.0118602	4	2.00335	5	
0.27	0.23	0.00265144	4	1.9982	5	
0.272	0.23	0.00655335	4	1.99306	5	
0.274	0.23	0.015754	4	1.98793	5	
0.276	0.23	0.0249505	4	1.9828	5	
0.278	0.23	0.0243928	3	1.97768	5	
0.28	0.23	0.0149971	3	1.97257	5	
0.282	0.23	0.00560233	3	1.96745	5	
0.284	0.23	0.00379152	4	1.96235	5	
0.286	0.23	0.0131844	4	1.95725	5	
0.288	0.23	0.0225763	4	1.95216	5	

0.24	0.24	0.0531946	3	2.09071	5	
0.242	0.24	0.0438013	4	2.08549	5	
0.244	0.24	0.034409	4	2.08028	5	
0.246	0.24	0.0250176	3	2.07507	5	
0.248	0.24	0.0156271	3	2.06987	5	
0.25	0.24	0.00623758	3	2.06467	5	
0.252	0.24	0.00315092	3	2.05948	5	
0.254	0.24	0.0125384	3	2.0543	5	
0.256	0.24	0.0219248	3	2.04912	5	
0.258	0.24	0.0313101	3	2.04395	5	
0.26	0.24	0.0406944	3	2.03878	5	
0.262	0.24	0.040523	3	2.03362	5	
0.264	0.24	0.0313247	3	2.02846	5	
0.266	0.24	0.0221304	3	2.02331	5	
0.268	0.24	0.0129403	4	2.01816	5	
0.27	0.24	0.00375439	4	2.01302	5	
0.272	0.24	0.00542714	4	2.00789	5	
0.274	0.24	0.0146042	4	2.00276	5	
0.276	0.24	0.0237766	3	1.99763	5	
0.278	0.24	0.0329444	3	1.99252	5	
0.28	0.24	0.0180969	3	1.9874	5	
0.282	0.24	0.00870794	4	1.9823	5	
0.284	0.24	0.00067997	4	1.9772	5	
0.286	0.24	0.0100668	4	1.9721	5	
0.288	0.24	0.0194527	4	1.96701	5	

0.24	0.25	0.0497529	3	2.10545	5	
0.242	0.25	0.040366	3	2.10024	5	
0.244	0.25	0.0309801	3	2.09503	5	
0.246	0.25	0.0215952	3	2.08983	5	
0.248	0.25	0.0122114	3	2.08463	5	
0.25	0.25	0.00282859	3	2.07944	5	
0.252	0.25	0.00655311	3	2.07426	5	
0.254	0.25	0.0159337	3	2.06908	5	
0.256	0.25	0.0253131	3	2.0639	5	
0.258	0.25	0.0346913	3	2.05873	5	
0.26	0.25	0.0440683	3	2.05357	5	
0.262	0.25	0.0415803	3	2.04841	5	
0.264	0.25	0.0324048	3	2.04326	5	
0.266	0.25	0.0232337	3	2.03811	5	
0.268	0.25	0.0140671	4	2.03297	5	
0.27	0.25	0.00490517	4	2.02783	5	
0.272	0.25	0.00425207	4	2.0227	5	
0.274	0.25	0.0134045	3	2.01757	5	
0.276	0.25	0.0225518	3	2.01246	5	
0.278	0.25	0.0316941	4	2.00734	5	
0.28	0.25	0.0211947	3	2.00223	5	
0.282	0.25	0.0118119	4	1.99713	5	
0.284	0.25	0.0024301	4	1.99203	5	
0.286	0.25	0.00695055	4	1.98694	5	
0.288	0.25	0.0163301	4	1.98186	5	

0.24	0.26	0.0462979	3	2.12019	5	
0.242	0.26	0.0369176	3	2.11498	5	
0.244	0.26	0.0275385	3	2.10978	5	
0.246	0.26	0.0181604	3	2.10458	5	
0.248	0.26	0.00878354	4	2.09939	5	
0.25	0.26	0.000592215	4	2.0942	5	
0.252	0.26	0.00996677	3	2.08902	5	
0.254	0.26	0.0193401	3	2.08384	5	
0.256	0.26	0.0287121	3	2.07867	5	
0.258	0.26	0.0380829	3	2.0735	5	
0.26	0.26	0.0518378	3	2.06834	5	
0.262	0.26	0.0426816	3	2.06319	5	
0.264	0.26	0.0335299	3	2.05804	5	
0.266	0.26	0.024383	4	2.0529	5	
0.268	0.26	0.015241	4	2.04776	5	
0.27	0.26	0.00610391	3	2.04263	5	
0.272	0.26	0.00302801	3	2.0375	5	
0.274	0.26	0.0121547	4	2.03238	5	
0.276	0.26	0.0212759	4	2.02726	5	
0.278	0.26	0.0336684	4	2.02215	5	
0.28	0.26	0.0242907	4	2.01705	5	
0.282	0.26	0.0149142	4	2.01195	5	
0.284	0.26	0.00553877	4	2.00686	5	
0.286	0.26	0.00383543	4	2.00177	5	
0.288	0.26	0.0132084	4	1.99669	4	

0.24	0.27	0.0428292	4	2.13491	5	
0.242	0.27	0.033456	4	2.12971	5	
0.244	0.27	0.0240839	4	2.12451	5	
0.246	0.27	0.014713	4	2.11932	5	
0.248	0.27	0.00534339	4	2.11413	5	
0.25	0.27	0.00402499	4	2.10894	5	
0.252	0.27	0.0133921	3	2.10377	5	
0.254	0.27	0.0227578	3	2.09859	5	
0.256	0.27	0.0321221	3	2.09343	5	
0.258	0.27	0.0414851	3	2.08827	5	
0.26	0.27	0.0529588	4	2.08311	5	
0.262	0.27	0.0438269	4	2.07796	5	
0.264	0.27	0.0347001	4	2.07282	5	
0.266	0.27	0.0255783	4	2.06768	5	
0.268	0.27	0.0164618	4	2.06254	5	
0.27	0.27	0.00735073	4	2.05741	5	
0.272	0.27	0.00175483	4	2.05229	5	
0.274	0.27	0.0108547	3	2.04717	5	
0.276	0.27	0.0199487	4	2.04206	5	
0.278	0.27	0.0367563	4	2.03696	5	
0.28	0.27	0.027385	4	2.03185	5	
0.282	0.27	0.0180149	4	2.02676	4	
0.284	0.27	0.00864612	4	2.02167	4	
0.286	0.27	0.000721416	4	2.01659	4	
0.288	0.27	0.0100876	4	2.01151	4	

0.24	0.28	0.0393469	3	2.14963	5	
0.242	0.28	0.0299809	3	2.14443	5	
0.244	0.28	0.0206162	3	2.13923	5	
0.246	0.28	0.0112528	3	2.13404	5	
0.248	0.28	0.00189077	3	2.12886	5	
0.25	0.28	0.0074699	4	2.12368	5	
0.252	0.28	0.0168292	4	2.1185	5	
0.254	0.28	0.026187	4	2.11334	5	
0.256	0.28	0.0355433	3	2.10817	5	
0.258	0.28	0.044898	3	2.10302	5	
0.26	0.28	0.0541229	3	2.09787	5	
0.262	0.28	0.0450165	3	2.09272	5	
0.264	0.28	0.0359154	3	2.08758	5	
0.266	0.28	0.0268198	3	2.08244	5	
0.268	0.28	0.0177299	4	2.07731	5	
0.27	0.28	0.00864575	4	2.07219	5	
0.272	0.28	0.000432405	4	2.06707	5	
0.274	0.28	0.00950444	4	2.06196	5	
0.276	0.28	0.0185702	3	2.05685	4	
0.278	0.28	0.0276295	4	2.05175	4	
0.28	0.28	0.0304776	3	2.04665	4	
0.282	0.28	0.0211143	4	2.04156	4	
0.284	0.28	0.0117522	4	2.03647	4	
0.286	0.28	0.00239157	4	2.03139	4	
0.288	0.28	0.00696769	4	2.02632	4	

0.24	0.29	0.0358505	4	2.16433	5	
0.242	0.29	0.0264922	4	2.15913	5	
0.244	0.29	0.0171352	3	2.15394	5	
0.246	0.29	0.00777962	3	2.14876	5	
0.248	0.29	0.00157451	3	2.14358	5	
0.25	0.29	0.0109271	4	2.1384	5	
0.252	0.29	0.0202782	4	2.13323	5	
0.254	0.29	0.0296278	4	2.12807	5	
0.256	0.29	0.0389756	3	2.12291	5	
0.258	0.29	0.0483219	3	2.11776	5	
0.26	0.29	0.0553304	3	2.11261	5	
0.262	0.29	0.0462503	3	2.10747	5	
0.264	0.29	0.037176	3	2.10233	5	
0.266	0.29	0.0281076	3	2.0972	5	
0.268	0.29	0.0190452	4	2.09207	5	
0.27	0.29	0.00998912	3	2.08695	4	
0.272	0.29	0.000939411	4	2.08184	4	
0.274	0.29	0.00810372	4	2.07673	4	
0.276	0.29	0.0171401	4	2.07162	4	
0.278	0.29	0.0261695	3	2.06652	4	
0.28	0.29	0.0351918	4	2.06143	4	
0.282	0.29	0.0242122	3	2.05634	4	
0.284	0.29	0.0148572	3	2.03988	5	
0.286	0.29	0.00550362	4	1.59283	5	
0.288	0.29	0.00384848	4	1.58817	5	

