#1:kx	2:ky	3:max_abs	4:abs(coef1)	5:angle(coef1)	6:abs(coef2)	7:angle(coef2)	8:...
0	0	1	1.40436e-17	3.14159	1.39642e-14	3.14159	1	0
0	0.0314159	0.965564	0.00329524	-1.5675	0.260145	-2.09904	0.965564	-0.120318
0	0.0628319	0.909443	0.00658962	-1.5642	0.415776	-2.34904	0.909443	-0.201392
0	0.0942478	0.866806	0.0098823	1.58069	0.498547	-2.46027	0.866806	-0.249917
0	0.125664	0.837771	0.0131724	-1.55761	0.545863	0.624078	0.837771	-0.279655
0	0.15708	0.817706	0.0164591	1.58727	0.575401	-2.55068	0.817706	-0.298689
0	0.188496	0.803354	0.0197415	1.59056	0.595174	-2.57146	0.803354	-0.311272
0	0.219911	0.792751	0.0230187	1.59384	0.609111	-2.58512	0.792751	-0.319725
0	0.251327	0.7847	0.0262899	-1.54448	0.619318	-2.59438	0.7847	-0.325393
0	0.282743	0.778454	0.0295542	1.60038	0.627005	-2.60072	0.778454	-0.329102
0	0.314159	0.773524	0.0328107	-1.53796	0.632918	-2.60504	0.773524	-0.331381
0	0.345575	0.769578	0.0360585	-1.53471	0.637534	-2.60791	0.769578	-0.332586
0	0.376991	0.766388	0.0392967	1.61012	0.641175	-2.60972	0.766388	-0.332963
0	0.408407	0.763788	0.0425244	1.61335	0.644065	-2.61071	0.763788	-0.332688
0	0.439823	0.761657	0.0457406	-1.52503	0.646364	-2.61109	0.761657	-0.331891
0	0.471239	0.759903	0.0489444	1.61977	0.648191	-2.61097	0.759903	-0.330669
0	0.502655	0.758459	0.0521348	1.62296	0.649632	-2.61046	0.758459	-0.329094
0	0.534071	0.757269	0.0553109	1.62613	0.650757	-2.60965	0.757269	-0.327226
0	0.565487	0.756291	0.0584717	1.62929	0.651617	0.533012	0.756291	-0.32511
0	0.596903	0.755491	0.0616161	1.63243	0.652255	-2.60731	0.755491	-0.32278
0	0.628319	0.754842	0.0647432	1.63555	0.652703	-2.60588	0.754842	-0.320269
0	0.659734	0.754322	0.0678518	1.63865	0.652989	-2.60432	0.754322	-0.317598
0	0.69115	0.753912	0.0709409	1.64173	0.653134	-2.60265	0.753912	-0.314788
0	0.722566	0.753596	0.0740094	-1.4968	0.653158	-2.60089	0.753596	-0.311856
0	0.753982	0.753362	0.0770562	-1.49377	0.653076	0.542527	0.753362	-0.308815
0	0.785398	0.753199	0.08008	1.65084	0.6529	-2.59719	0.753199	-0.305678
0	0.816814	0.753097	0.0830797	1.65382	0.652643	-2.59528	0.753097	-0.302454
0	0.84823	0.75305	0.086054	1.65678	0.652312	-2.59334	0.75305	-0.299153
0	0.879646	0.753049	0.0890018	1.65971	0.651917	-2.59139	0.753049	-0.295781
0	0.911062	0.753089	0.0919216	1.66261	0.651465	0.552161	0.753089	-0.292345
0	0.942478	0.753165	0.0948121	1.66547	0.650963	-2.58748	0.753165	-0.288852
0	0.973894	0.753273	0.097672	-1.47328	0.650415	-2.58553	0.753273	-0.285305
0	1.00531	0.753409	0.1005	1.67111	0.649827	-2.58361	0.753409	-0.28171
0	1.03673	0.753568	0.103294	1.67387	0.649204	-2.58171	0.753568	-0.27807
0	1.06814	0.753749	0.106053	-1.465	0.648549	-2.57985	0.753749	-0.274389
0	1.09956	0.753948	0.108775	1.67928	0.647866	-2.57802	0.753948	-0.27067
0	1.13097	0.754163	0.111459	-1.45967	0.647159	-2.57624	0.754163	-0.266916
0	1.16239	0.754392	0.114102	1.68452	0.646431	-2.5745	0.754392	-0.263129
0	1.19381	0.754633	0.116704	1.68708	0.645685	0.568766	0.754633	-0.259311
0	1.22522	0.754884	0.119261	1.68958	0.644923	-2.57121	0.754884	-0.255465
0	1.25664	0.755144	0.121773	1.69204	0.644149	0.571925	0.755144	-0.251593
0	1.28805	0.755412	0.124237	1.69444	0.643365	-2.5682	0.755412	-0.247696
0	1.31947	0.755685	0.12665	1.69679	0.642573	0.574788	0.755685	-0.243776
0	1.35088	0.755964	0.129012	1.69908	0.641775	-2.5655	0.755964	-0.239834
0	1.3823	0.756246	0.131318	1.70131	0.640974	-2.56429	0.756246	-0.235871
0	1.41372	0.756531	0.133567	1.70348	0.640172	-2.56317	0.756531	-0.23189
0	1.44513	0.756819	0.135756	1.70558	0.639371	-2.56217	0.756819	-0.22789
0	1.47655	0.757108	0.137882	1.70761	0.638574	-2.56127	0.757108	-0.223873
0	1.50796	0.757397	0.139943	-1.43202	0.637782	0.581098	0.757397	-0.219841
0	1.53938	0.757687	0.141935	1.71146	0.636997	0.581745	0.757687	-0.215793
0	1.5708	0.757976	0.143855	1.71327	0.636222	-2.55933	0.757976	-0.21173
0	1.60221	0.758264	0.1457	-1.4266	0.635459	0.582626	0.758264	-0.207654
0	1.63363	0.75855	0.147466	1.71663	0.634709	-2.55875	0.75855	-0.203566
0	1.66504	0.758834	0.149149	-1.42341	0.633975	-2.5587	0.758834	-0.199465
0	1.69646	0.759116	0.150745	-1.42196	0.63326	-2.55882	0.759116	-0.195353
0	1.72788	0.759395	0.15225	1.72099	0.632565	-2.55912	0.759395	-0.191229
0	1.75929	0.759671	0.15366	1.72224	0.631893	0.581974	0.759671	-0.187096
0	1.79071	0.759944	0.154969	1.72339	0.631245	-2.56032	0.759944	-0.182952
0	1.82212	0.760212	0.156173	-1.41718	0.630625	-2.56124	0.760212	-0.178799
0	1.85354	0.760477	0.157266	1.72533	0.630034	-2.5624	0.760477	-0.174638
0	1.88496	0.760737	0.158243	1.72611	0.629475	-2.5638	0.760737	-0.170468
0	1.91637	0.760992	0.159096	-1.41483	0.628951	-2.56547	0.760992	-0.16629
0	1.94779	0.761243	0.159821	-1.41431	0.628463	0.574177	0.761243	-0.162104
0	1.9792	0.761489	0.16041	-1.41394	0.628015	-2.56966	0.761489	-0.157911
0	2.01062	0.76173	0.160855	1.72788	0.627609	-2.57222	0.76173	-0.153711
0	2.04204	0.761965	0.16115	1.72794	0.627247	-2.57512	0.761965	-0.149505
0	2.07345	0.762195	0.161285	1.72784	0.626933	-2.57838	0.762195	-0.145293
0	2.10487	0.76242	0.161253	1.72757	0.626668	-2.58202	0.76242	-0.141074
0	2.13628	0.762639	0.161044	-1.41448	0.626456	-2.58607	0.762639	-0.13685
0	2.1677	0.762851	0.160649	-1.41513	0.626298	-2.59056	0.762851	-0.132621
0	2.19911	0.763058	0.160057	-1.41598	0.626198	-2.59551	0.763058	-0.128387
0	2.23053	0.763259	0.159257	-1.41704	0.626157	0.54063	0.763259	-0.124148
0	2.26195	0.763454	0.158239	-1.41831	0.626178	-2.60694	0.763454	-0.119904
0	2.29336	0.763642	0.156989	1.72178	0.626263	-2.61349	0.763642	-0.115656
0	2.32478	0.763824	0.155497	-1.42156	0.626413	-2.62063	0.763824	-0.111404
0	2.35619	0.764	0.153749	1.71804	0.626631	0.513166	0.764	-0.107148
0	2.38761	0.764169	0.151731	-1.42581	0.626916	-2.63691	0.764169	-0.102889
0	2.41903	0.764332	0.14943	-1.42833	0.62727	0.495478	0.764332	-0.0986257
0	2.45044	0.764488	0.146831	-1.43113	0.627694	-2.6561	0.764488	-0.0943594
0	2.48186	0.764637	0.143922	1.70736	0.628185	0.474677	0.764637	-0.0900901
0	2.51327	0.76478	0.140686	1.70396	0.628744	-2.67861	0.76478	-0.0858179
0	2.54469	0.764916	0.137111	1.70025	0.629368	0.450365	0.764916	-0.0815429
0	2.57611	0.765045	0.133182	-1.44537	0.630054	-2.70483	0.765045	-0.0772654
0	2.60752	0.765168	0.128887	1.69187	0.630799	-2.71947	0.765168	-0.0729855
0	2.63894	0.765283	0.124214	-1.45442	0.631595	-2.73519	0.765283	-0.0687033
0	2.67035	0.765392	0.119152	1.68214	0.632438	-2.75204	0.765392	-0.0644191
0	2.70177	0.765494	0.113694	1.67676	0.633319	-2.77007	0.765494	-0.060133
0	2.73319	0.765589	0.107832	-1.47055	0.634229	-2.78931	0.765589	-0.055845
0	2.7646	0.765677	0.101565	-1.47661	0.635157	-2.8098	0.765677	-0.0515554
0	2.79602	0.765757	0.0948923	-1.48302	0.63609	0.310048	0.765757	-0.0472643
0	2.82743	0.765831	0.0878198	1.65184	0.637016	0.287033	0.765831	-0.0429719
0	2.85885	0.765898	0.080357	-1.4968	0.63792	-2.87883	0.765898	-0.0386781
0	2.89027	0.765958	0.0725188	-1.50416	0.638787	-2.90433	0.765958	-0.0343833
0	2.92168	0.766011	0.064326	-1.5118	0.6396	-2.93101	0.766011	-0.0300875
0	2.9531	0.766057	0.0558052	-1.5197	0.640345	-2.95879	0.766057	-0.0257909
0	2.98451	0.766096	0.046989	-1.52784	0.641006	-2.98757	0.766096	-0.0214935
0	3.01593	0.766128	0.0379161	-1.53618	0.641569	0.124353	0.766128	-0.0171955
0	3.04734	0.766153	0.0286302	1.59691	0.64202	0.0939427	0.766153	-0.0128971
0	3.07876	0.76617	0.0191801	-1.55332	0.642351	0.0629575	0.76617	-0.00859825
0	3.11018	0.766181	0.00961834	-1.56203	0.642553	-3.11001	0.766181	-0.00429918
0	3.14159	0.766185	2.00796e-16	-0.188016	0.642621	-3.14159	0.766185	-1.6759e-17
0.010472	3.14159	0.766128	0.00309529	-3.14159	0.642681	-3.14159	0.766128	-1.69979e-17
0.020944	3.14159	0.765958	0.00617702	-3.14159	0.642861	-3.14159	0.765958	-1.72334e-17
0.0314159	3.14159	0.765675	0.00923182	-3.14159	0.643162	-3.14159	0.765675	-1.74656e-17
0.0418879	3.14159	0.765278	0.0122466	-3.14159	0.643584	-3.14159	0.765278	-1.7695e-17
0.0523599	3.14159	0.764767	0.015209	-3.14159	0.644128	-3.14159	0.764767	-1.79216e-17
0.0628319	3.14159	0.764142	0.0181068	2.07e-15	0.644794	-3.14159	0.764142	-1.81459e-17
0.0733038	3.14159	0.763402	0.0209291	-3.14159	0.645584	-3.14159	0.763402	-1.8368e-17
0.0837758	3.14159	0.762547	0.0236656	-3.14159	0.646499	-3.14159	0.762547	-1.85882e-17
0.0942478	3.14159	0.761577	0.0263068	-3.14159	0.64754	-3.14159	0.761577	-1.88067e-17
0.10472	3.14159	0.760491	0.0288446	-3.14159	0.648708	-3.14159	0.760491	-1.90239e-17
0.115192	3.14159	0.759287	0.0312716	-3.14159	0.650004	-3.14159	0.759287	-1.92399e-17
0.125664	3.14159	0.757966	0.0335815	-3.14159	0.651429	-3.14159	0.757966	-1.94549e-17
0.136136	3.14159	0.756527	0.0357694	-3.14159	0.652984	-3.14159	0.756527	-1.96693e-17
0.146608	3.14159	0.754968	0.037831	-3.14159	0.654669	8.17092e-17	0.754968	-1.98833e-17
0.15708	3.14159	0.753289	0.0397632	-3.14159	0.656487	7.91291e-17	0.753289	-2.0097e-17
0.167552	3.14159	0.751488	0.041564	-3.14159	0.658436	-3.14159	0.751488	-2.03109e-17
0.178024	3.14159	0.749565	0.0432319	7.89572e-16	0.660517	-3.14159	0.749565	-2.05251e-17
0.188496	3.14159	0.747519	0.0447666	-3.14159	0.662731	7.17741e-17	0.747519	-2.07398e-17
0.198968	3.14159	0.745347	0.0461683	-3.14159	0.665076	6.94519e-17	0.745347	-2.09553e-17
0.20944	3.14159	0.743049	0.0474381	-3.14159	0.667554	-3.14159	0.743049	-2.1172e-17
0.219911	3.14159	0.740623	0.0485776	-3.14159	0.670162	6.50009e-17	0.740623	-2.139e-17
0.230383	3.14159	0.738069	0.0495888	-3.14159	0.672901	-3.14159	0.738069	-2.16096e-17
0.240855	3.14159	0.735383	0.0504744	-3.14159	0.675769	6.08038e-17	0.735383	-2.18312e-17
0.251327	3.14159	0.732565	0.0512373	-3.14159	0.678766	5.87984e-17	0.732565	-2.20549e-17
0.261799	3.14159	0.729614	0.0518809	-3.14159	0.681889	-3.14159	0.729614	-2.22811e-17
0.272271	3.14159	0.726526	0.0524087	-3.14159	0.685137	-3.14159	0.726526	-2.25101e-17
0.282743	3.14159	0.723301	0.0528245	-3.14159	0.68851	-3.14159	0.723301	-2.27422e-17
0.293215	3.14159	0.719936	0.0531323	5.32151e-16	0.692003	5.1372e-17	0.719936	-2.29778e-17
0.303687	3.14159	0.71643	0.0533362	-3.14159	0.695617	-3.14159	0.71643	-2.3217e-17
0.314159	3.14159	0.712781	0.0534403	-3.14159	0.699348	-3.14159	0.712781	-2.34604e-17
0.324631	3.14159	0.708986	0.053449	4.96291e-16	0.703194	-3.14159	0.708986	-2.37083e-17
0.335103	3.14159	0.707153	0.0533665	4.86107e-16	0.707153	4.48344e-17	0.705043	-2.3961e-17
0.345575	3.14159	0.711223	0.0531969	-3.14159	0.711223	-3.14159	0.700951	-2.4219e-17
0.356047	3.14159	0.7154	0.0529447	-3.14159	0.7154	4.18703e-17	0.696706	-2.44826e-17
0.366519	3.14159	0.719682	0.0526139	-3.14159	0.719682	-3.14159	0.692307	-2.47524e-17
0.376991	3.14159	0.724066	0.0522088	-3.14159	0.724066	3.90935e-17	0.687752	-2.50286e-17
0.387463	3.14159	0.72855	0.0517334	-3.14159	0.72855	3.77718e-17	0.683037	-2.53119e-17
0.397935	3.14159	0.733129	0.0511916	-3.14159	0.733129	-3.14159	0.67816	-2.56028e-17
0.408407	3.14159	0.737802	0.0505875	4.33154e-16	0.737802	3.52546e-17	0.673119	-2.59018e-17
0.418879	3.14159	0.742564	0.0499248	-3.14159	0.742564	3.40563e-17	0.667911	-2.62094e-17
0.429351	3.14159	0.747413	0.0492073	4.22692e-16	0.747413	-3.14159	0.662535	-2.65262e-17
0.439823	3.14159	0.752345	0.0484385	-3.14159	0.752345	-3.14159	0.656986	-2.6853e-17
0.450295	3.14159	0.757357	0.0476222	-3.14159	0.757357	3.06867e-17	0.651262	-2.71903e-17
0.460767	3.14159	0.762444	0.0467616	-3.14159	0.762444	2.96343e-17	0.645362	-2.75389e-17
0.471239	3.14159	0.767604	0.0458601	4.06647e-16	0.767604	-3.14159	0.639281	-2.78996e-17
0.481711	3.14159	0.772832	0.0449209	-3.14159	0.772832	2.76285e-17	0.633018	-2.82733e-17
0.492183	3.14159	0.778125	0.0439472	4.00829e-16	0.778125	-3.14159	0.62657	-2.86607e-17
0.502655	3.14159	0.783478	0.0429421	3.98438e-16	0.783478	2.57468e-17	0.619934	-2.90629e-17
0.513127	3.14159	0.788887	0.0419085	3.96384e-16	0.788887	2.48498e-17	0.613107	-2.94808e-17
0.523599	3.14159	0.794348	0.0408493	3.94663e-16	0.794348	2.39806e-17	0.606088	-2.99157e-17
0.534071	3.14159	0.799857	0.0397671	-3.14159	0.799857	2.31382e-17	0.598872	-3.03686e-17
0.544543	3.14159	0.805408	0.0386649	3.92215e-16	0.805408	-3.14159	0.591458	-3.08409e-17
0.555015	3.14159	0.810998	0.0375451	3.91489e-16	0.810998	2.15298e-17	0.583844	-3.13339e-17
0.565487	3.14159	0.81662	0.0364103	-3.14159	0.81662	2.0762e-17	0.576026	-3.18492e-17
0.575959	3.14159	0.822271	0.035263	-3.14159	0.822271	2.00172e-17	0.568002	-3.23885e-17
0.586431	3.14159	0.827945	0.0341056	3.91347e-16	0.827945	1.92946e-17	0.559771	-3.29534e-17
0.596903	3.14159	0.833637	0.0329404	3.92001e-16	0.833637	1.85934e-17	0.55133	-3.3546e-17
0.607375	3.14159	0.839341	0.0317696	3.9302e-16	0.839341	1.79127e-17	0.542677	-3.41684e-17
0.617847	3.14159	0.845051	0.0305955	3.94418e-16	0.845051	1.72518e-17	0.533809	-3.48229e-17
0.628319	3.14159	0.850762	0.0294202	3.96211e-16	0.850762	-3.14159	0.524726	-3.55122e-17
0.638791	3.14159	0.856468	0.0282459	3.98414e-16	0.856468	-3.14159	0.515426	-3.6239e-17
0.649262	3.14159	0.862163	0.0270744	4.01049e-16	0.862163	1.53801e-17	0.505908	-3.70064e-17
0.659734	3.14159	0.867839	0.0259078	4.04139e-16	0.867839	1.47908e-17	0.496169	-3.7818e-17
0.670206	3.14159	0.873492	0.0247481	4.0771e-16	0.873492	1.42178e-17	0.486209	-3.86777e-17
0.680678	3.14159	0.879114	0.023597	4.11794e-16	0.879114	1.36604e-17	0.476028	-3.95895e-17
0.69115	3.14159	0.884697	0.0224565	4.16425e-16	0.884697	1.31178e-17	0.465624	-4.05585e-17
0.701622	3.14159	0.890237	0.0213282	4.21642e-16	0.890237	1.25896e-17	0.454999	-4.15899e-17
0.712094	3.14159	0.895724	0.020214	4.27492e-16	0.895724	1.20752e-17	0.44415	-4.26897e-17
0.722566	3.14159	0.901153	0.0191155	4.34027e-16	0.901153	1.15739e-17	0.43308	-4.38648e-17
0.733038	3.14159	0.906515	0.0180344	-3.14159	0.906515	1.10852e-17	0.421788	-4.51229e-17
0.74351	3.14159	0.911804	0.0169722	4.49396e-16	0.911804	1.06086e-17	0.410276	-4.64727e-17
0.753982	3.14159	0.917011	0.0159306	4.58377e-16	0.917011	-3.14159	0.398544	-4.79243e-17
0.764454	3.14159	0.922129	0.0149109	4.68341e-16	0.922129	9.68942e-18	0.386596	-4.94891e-17
0.774926	3.14159	0.92715	0.0139148	4.79393e-16	0.92715	9.24588e-18	0.374432	-5.11805e-17
0.785398	3.14159	0.932067	0.0129437	4.91656e-16	0.932067	8.81237e-18	0.362055	-5.30137e-17
0.79587	3.14159	0.936871	0.0119988	5.05273e-16	0.936871	8.38843e-18	0.349468	-5.50067e-17
0.806342	3.14159	0.941555	0.0110817	5.20414e-16	0.941555	7.97358e-18	0.336676	-5.71806e-17
0.816814	3.14159	0.946112	0.0101935	5.3728e-16	0.946112	7.56737e-18	0.32368	-5.95602e-17
0.827286	3.14159	0.950532	0.00933551	5.56111e-16	0.950532	7.16937e-18	0.310487	-6.21751e-17
0.837758	3.14159	0.954809	0.00850897	5.77195e-16	0.954809	6.77913e-18	0.297099	-6.50609e-17
0.84823	3.14159	0.958934	0.00771503	6.0088e-16	0.958934	6.39623e-18	0.283524	-6.82604e-17
0.858702	3.14159	0.962901	0.0069548	6.27595e-16	0.962901	6.02026e-18	0.269765	-7.18263e-17
0.869174	3.14159	0.966702	0.00622935	6.57867e-16	0.966702	5.6508e-18	0.255831	-7.58234e-17
0.879646	3.14159	0.970329	0.00553971	6.92357e-16	0.970329	5.28746e-18	0.241726	-8.03326e-17
0.890118	3.14159	0.973776	0.00488684	-3.14159	0.973776	-3.14159	0.227458	-8.54568e-17
0.90059	3.14159	0.977035	0.00427167	-3.14159	0.977035	4.57756e-18	0.213035	-9.1328e-17
0.911062	3.14159	0.980101	0.00369505	8.30801e-16	0.980101	4.23022e-18	0.198465	-9.81186e-17
0.921534	3.14159	0.982967	0.00315781	8.93444e-16	0.982967	3.88746e-18	0.183756	-1.06059e-16
0.932006	3.14159	0.985627	0.00266069	9.68072e-16	0.985627	3.54891e-18	0.168917	-1.15462e-16
0.942478	3.14159	0.988075	0.00220441	1.05828e-15	0.988075	3.21419e-18	0.153958	-1.26769e-16
0.95295	3.14159	0.990307	0.00178961	1.16924e-15	0.990307	2.88295e-18	0.138887	-1.40612e-16
0.963422	3.14159	0.992317	0.00141687	-3.14159	0.992317	2.55482e-18	0.123715	-1.57944e-16
0.973894	3.14159	0.994101	0.00108673	1.48902e-15	0.994101	2.22946e-18	0.108453	-1.80261e-16
0.984366	3.14159	0.995655	0.000799646	1.73043e-15	0.995655	1.90651e-18	0.0931104	-2.10054e-16
0.994838	3.14159	0.996977	0.000556036	2.06967e-15	0.996977	1.58562e-18	0.0776987	-2.5181e-16
1.00531	3.14159	0.998062	0.000356244	2.5801e-15	0.998062	1.26644e-18	0.0622291	-3.14502e-16
1.01578	3.14159	0.998908	0.000200554	3.43288e-15	0.998908	9.48635e-19	0.0467128	-4.19066e-16
1.02625	3.14159	0.999514	8.91882e-05	5.14157e-15	0.999514	6.31854e-19	0.0311615	-6.28308e-16
1.03673	3.14159	0.999879	2.2305e-05	1.02738e-14	0.999879	3.15756e-19	0.0155866	-1.25627e-15
1.0472	3.14159	1	1.38778e-15	3.14159	1	1.69482e-32	3.89135e-16	-0.0535203
1.03977	3.11931	0.999878	2.95659e-05	1.57093	0.999878	4.07376e-05	0.0156327	-0.189772
1.03234	3.09703	0.999512	0.000118292	1.57134	0.999512	0.000162974	0.0312509	-0.18982
1.02492	3.07475	0.998902	0.000266265	1.57202	0.998902	0.000366779	0.04684	-0.189901
1.01749	3.05247	0.998052	0.000473626	-1.56862	0.998052	0.00065227	0.0623856	-0.190013
1.01006	3.03019	0.996963	0.000740572	-1.56739	0.996963	0.00101961	0.0778735	-0.190158
1.00264	3.00791	0.995638	0.00106736	1.5757	0.995638	0.00146901	0.09329	-0.190335
0.995209	2.98563	0.994082	0.00145428	1.57748	0.994082	0.00200072	0.108621	-0.190543
0.987782	2.96335	0.992299	0.00190169	1.57954	0.992299	0.00261505	0.123854	-0.190783
0.980355	2.94107	0.990293	0.00241	1.58187	0.990293	0.00331233	0.138976	-0.191055
0.972928	2.91878	0.98807	0.00297964	1.58448	0.98807	0.00409296	0.153974	-0.191358
0.965501	2.8965	0.985637	0.00361109	1.58738	0.985637	0.00495736	0.168838	-0.191691
0.958074	2.87422	0.983	0.00430488	1.59056	0.983	0.005906	0.183554	-0.192056
0.950647	2.85194	0.980166	0.00506154	1.59402	0.980166	0.00693939	0.198114	-0.192452
0.94322	2.82966	0.977142	0.00588165	1.59777	0.977142	0.00805807	0.212507	-0.192877
0.935794	2.80738	0.973936	0.00676579	1.60182	0.973936	0.00926262	0.226723	-0.193333
0.928367	2.7851	0.970555	0.00771457	1.60615	0.970555	0.0105536	0.240754	-0.193818
0.92094	2.76282	0.967009	0.00872858	1.61078	0.967009	0.0119318	0.254592	-0.194333
0.913513	2.74054	0.963305	0.00980844	1.61571	0.963305	0.0133977	0.26823	-0.194878
0.906086	2.71826	0.959452	0.0109547	1.62093	0.959452	0.0149521	0.28166	-0.19545
0.898659	2.69598	0.955458	0.012168	1.62646	0.955458	0.0165956	0.294877	-0.196052
0.891232	2.6737	0.951332	0.0134488	1.63229	0.951332	0.0183289	0.307875	-0.196681
0.883805	2.65142	0.947082	0.0147976	1.63843	0.947082	0.0201528	0.32065	-0.197339
0.876378	2.62913	0.942718	0.0162148	1.64488	0.942718	0.022068	0.333198	-0.198024
0.868951	2.60685	0.938247	0.0177008	1.65163	0.938247	0.0240751	0.345514	-0.198736
0.861524	2.58457	0.933677	0.019256	1.65869	0.933677	0.0261748	0.357597	-0.199475
0.854097	2.56229	0.929018	0.0208804	1.66607	0.929018	0.0283678	0.369444	-0.200241
0.84667	2.54001	0.924277	0.0225741	1.67376	0.924277	0.0306546	0.381053	-0.201032
0.839243	2.51773	0.919463	0.0243372	1.68176	0.919463	0.0330359	0.392423	-0.20185
0.831816	2.49545	0.914582	0.0261694	1.69007	0.914582	0.035512	0.403553	-0.202692
0.82439	2.47317	0.909642	0.0280704	1.69869	0.909642	0.0380835	0.414443	-0.203561
0.816963	2.45089	0.904651	0.0300396	1.70762	0.904651	0.0407506	0.425094	-0.204453
0.809536	2.42861	0.899615	0.0320764	1.71686	0.899615	0.0435135	0.435504	-0.205371
0.802109	2.40633	0.894541	0.0341798	1.7264	0.894541	0.0463725	0.445677	-0.206313
0.794682	2.38405	0.889436	0.0363487	1.73624	0.889436	0.0493274	0.455612	-0.207278
0.787255	2.36176	0.884306	0.0385816	1.74637	0.884306	0.0523782	0.465312	-0.208267
0.779828	2.33948	0.879156	0.040877	-1.38479	0.879156	0.0555245	0.474777	-0.20928
0.772401	2.3172	0.873993	0.0432328	1.76751	0.873993	0.0587657	0.484012	-0.210315
0.764974	2.29492	0.868821	0.045647	1.77849	0.868821	0.0621013	0.493017	-0.211373
0.757547	2.27264	0.863647	0.0481168	1.78974	0.863647	0.0655303	0.501796	-0.212454
0.75012	2.25036	0.858474	0.0506396	1.80125	0.858474	0.0690515	0.510351	-0.213557
0.742693	2.22808	0.853308	0.053212	1.813	0.853308	0.0726637	0.518685	-0.214682
0.735266	2.2058	0.848153	0.0558307	-1.31662	0.848153	-3.06523	0.526802	-0.215829
0.727839	2.18352	0.843013	0.0584916	1.83718	0.843013	0.0801539	0.534704	-0.216997
0.720412	2.16124	0.837892	0.0611907	1.84958	0.837892	0.0840278	0.542395	-0.218186
0.712986	2.13896	0.832794	0.0639234	1.86218	0.832794	0.0879844	0.549879	-0.219397
0.705559	2.11668	0.827724	0.0666848	-1.26665	0.827724	0.092021	0.557159	-0.220628
0.698132	2.0944	0.822684	0.0694697	1.88786	0.822684	0.0961343	0.564238	-0.22188
0.690705	2.07211	0.817678	0.0722725	1.90091	0.817678	0.100321	0.571121	-0.223152
0.683278	2.04983	0.812709	0.0750875	1.91407	0.812709	0.104577	0.577811	-0.224445
0.675851	2.02755	0.807782	0.0779086	-1.21426	0.807782	0.108899	0.584311	-0.225757
0.668424	2.00527	0.802898	0.0807293	1.94066	0.802898	-3.02831	0.590625	-0.22709
0.660997	1.98299	0.798061	0.0835432	1.95404	0.798061	-3.02387	0.596758	-0.228442
0.65357	1.96071	0.793274	0.0863434	1.96744	0.793274	0.122213	0.602712	-0.229813
0.646143	1.93843	0.78854	0.0891232	1.98086	0.78854	-3.01484	0.608492	-0.231204
0.638716	1.91615	0.783862	0.0918754	-1.14734	0.783862	0.131328	0.6141	-0.232614
0.631289	1.89387	0.779243	0.094593	2.0076	0.779243	0.135941	0.619542	-0.234043
0.623862	1.87159	0.774687	0.0972689	2.0209	0.774687	-3.00101	0.62482	-0.235491
0.616435	1.84931	0.770195	0.099896	-1.10749	0.770195	0.145247	0.629937	-0.236958
0.609009	1.82703	0.765771	0.102467	2.0472	0.765771	-2.99166	0.634898	-0.238443
0.601582	1.80474	0.761417	0.104976	2.06017	0.761417	-2.98697	0.639706	-0.239947
0.594155	1.78246	0.757137	0.107416	2.073	0.757137	0.159312	0.644364	-0.241469
0.586728	1.76018	0.752933	0.10978	2.08566	0.752933	0.164001	0.648876	-0.243008
0.579301	1.7379	0.748808	0.112062	-1.04346	0.748808	0.168681	0.653245	-0.244566
0.571874	1.71562	0.744765	0.114256	-1.03118	0.744765	-2.96825	0.657473	-0.246142
0.564447	1.69334	0.740805	0.116357	2.12247	0.740805	0.177982	0.661566	-0.247735
0.55702	1.67106	0.736932	0.118359	-1.0073	0.736932	0.182589	0.665524	-0.249346
0.549593	1.64878	0.733148	0.120258	2.14588	0.733148	0.18716	0.669352	-0.250973
0.542166	1.6265	0.729454	0.122049	2.1572	0.729454	0.191688	0.673053	-0.252618
0.534739	1.60422	0.725854	0.123728	2.16826	0.725854	0.196165	0.67663	-0.25428
0.527312	1.58194	0.722349	0.125292	-0.962547	0.722349	0.200587	0.680084	-0.255958
0.519885	1.55966	0.71894	0.126738	2.18955	0.71894	0.204947	0.68342	-0.257653
0.512458	1.53738	0.71563	0.128062	2.19976	0.71563	0.20924	0.68664	-0.259365
0.505031	1.51509	0.712419	0.129264	-0.93192	0.712419	-2.92813	0.689746	-0.261092
0.497605	1.49281	0.709309	0.13034	2.21929	0.709309	0.217603	0.692742	-0.262835
0.490178	1.47053	0.706302	0.131291	2.2286	0.706302	-2.91993	0.69563	-0.264593
0.482751	1.44825	0.703396	0.132114	2.23761	0.703396	-2.91596	0.698412	-0.266367
0.475324	1.42597	0.701091	0.13281	-0.895275	0.700595	0.229519	0.701091	-0.268156
0.467897	1.40369	0.70367	0.133377	-0.886875	0.697897	0.233306	0.70367	-0.269959
0.46047	1.38141	0.70615	0.133818	-0.87878	0.695302	0.236995	0.70615	-0.271777
0.453043	1.35913	0.708534	0.134131	2.27061	0.692812	0.240582	0.708534	-0.273609
0.445616	1.33685	0.710825	0.134319	2.2781	0.690425	0.244065	0.710825	-0.275454
0.438189	1.31457	0.713025	0.134381	2.28529	0.688141	-2.89415	0.713025	-0.277312
0.430762	1.29229	0.715135	0.13432	2.29219	0.685959	-2.89089	0.715135	-0.279183
0.423335	1.27001	0.717159	0.134137	2.2988	0.683879	-2.88773	0.717159	-0.281066
0.415908	1.24772	0.719097	0.133834	2.30513	0.6819	0.256903	0.719097	-0.282961
0.408481	1.22544	0.720954	0.133413	2.31117	0.68002	-2.88176	0.720954	-0.284867
0.401054	1.20316	0.72273	0.132875	-0.824657	0.678237	0.262642	0.72273	-0.286783
0.393627	1.18088	0.724427	0.132225	2.32243	0.676551	-2.87626	0.724427	-0.288709
0.386201	1.1586	0.726049	0.131463	-0.813932	0.67496	0.267915	0.726049	-0.290644
0.378774	1.13632	0.727596	0.130592	-0.808963	0.673461	0.270375	0.727596	-0.292588
0.371347	1.11404	0.729071	0.129615	-0.804249	0.672053	-2.86887	0.729071	-0.294539
0.36392	1.09176	0.730476	0.128535	2.34181	0.670733	-2.86665	0.730476	-0.296496
0.356493	1.06948	0.731814	0.127354	2.34603	0.669499	0.277051	0.731814	-0.298459
0.349066	1.0472	0.733086	0.126075	2.35002	0.668349	0.279041	0.733086	-0.300426
0.341639	1.02492	0.734294	0.124701	2.35377	0.66728	0.280915	0.734294	-0.302397
0.334212	1.00264	0.73544	0.123234	2.3573	0.666289	0.282674	0.73544	-0.30437
0.326785	0.980355	0.736528	0.121678	2.3606	0.665373	-2.85727	0.736528	-0.306343
0.319358	0.958074	0.737559	0.120034	2.3637	0.664529	0.285848	0.737559	-0.308315
0.311931	0.935794	0.738535	0.118306	-0.775011	0.663755	0.287266	0.738535	-0.310285
0.304504	0.913513	0.739458	0.116497	2.36926	0.663046	0.288573	0.739458	-0.31225
0.297077	0.891232	0.740332	0.114608	2.37174	0.662399	0.289771	0.740332	-0.314209
0.28965	0.868951	0.741159	0.112644	-0.767559	0.661811	0.290861	0.741159	-0.316159
0.282223	0.84667	0.741942	0.110605	-0.765457	0.661278	0.291845	0.741942	-0.318098
0.274797	0.82439	0.742682	0.108496	-0.763538	0.660796	0.292725	0.742682	-0.320024
0.26737	0.802109	0.743385	0.106318	2.3798	0.66036	0.293504	0.743385	-0.321933
0.259943	0.779828	0.744051	0.104073	2.38136	0.659967	0.294183	0.744051	-0.323822
0.252516	0.757547	0.744686	0.101765	2.38277	0.659611	0.294765	0.744686	-0.325688
0.245089	0.735266	0.745292	0.099396	2.384	0.659287	0.295253	0.745292	-0.327526
0.237662	0.712986	0.745874	0.0969675	2.38508	0.658991	0.295649	0.745874	-0.329332
0.230235	0.690705	0.746436	0.0944823	2.386	0.658716	-2.84564	0.746436	-0.331102
0.222808	0.668424	0.746982	0.0919426	-0.754821	0.658456	0.296179	0.746982	-0.332829
0.215381	0.646143	0.747518	0.0893506	2.3874	0.658205	0.29632	0.747518	-0.334507
0.207954	0.623862	0.748049	0.0867085	2.38788	0.657954	0.296383	0.748049	-0.33613
0.200527	0.601582	0.748582	0.0840182	2.38822	0.657697	0.296372	0.748582	-0.337689
0.1931	0.579301	0.749124	0.081282	2.38843	0.657424	0.296292	0.749124	-0.339174
0.185673	0.55702	0.749682	0.0785017	2.3885	0.657126	0.296149	0.749682	-0.340576
0.178246	0.534739	0.750267	0.0756795	2.38845	0.656789	-2.84564	0.750267	-0.341882
0.170819	0.512458	0.750888	0.0728172	2.38827	0.656403	0.295697	0.750888	-0.343079
0.163393	0.490178	0.751557	0.0699168	2.38797	0.655952	0.295402	0.751557	-0.344149
0.155966	0.467897	0.752289	0.0669802	-0.754041	0.655419	-2.84652	0.752289	-0.345074
0.148539	0.445616	0.753101	0.0640091	2.38702	0.654784	0.294718	0.753101	-0.34583
0.141112	0.423335	0.754011	0.0610054	2.38637	0.654023	0.294352	0.754011	-0.346391
0.133685	0.401054	0.755044	0.057971	2.38562	0.653106	-2.8476	0.755044	-0.346725
0.126258	0.378774	0.756228	0.0549075	2.38475	0.652	0.293644	0.756228	-0.346791
0.118831	0.356493	0.757599	0.0518167	2.38379	0.65066	0.293343	0.757599	-0.346542
0.111404	0.334212	0.7592	0.0487003	2.38272	0.649032	0.29311	0.7592	-0.345919
0.103977	0.311931	0.761087	0.04556	2.38155	0.647048	0.292981	0.761087	-0.344845
0.0965501	0.28965	0.76333	0.0423975	2.38029	0.644616	-2.84859	0.76333	-0.343226
0.0891232	0.26737	0.76602	0.0392145	2.37894	0.641619	-2.84836	0.76602	-0.34094
0.0816963	0.245089	0.769282	0.0360126	-0.764102	0.637894	-2.84784	0.769282	-0.337824
0.0742693	0.222808	0.77328	0.0327933	2.37595	0.633217	0.29467	0.77328	-0.333663
0.0668424	0.200527	0.778245	0.0295584	-0.76726	0.627264	0.296157	0.778245	-0.32816
0.0594155	0.178246	0.78451	0.0263094	2.37263	0.619558	0.298453	0.78451	-0.320899
0.0519885	0.155966	0.792564	0.0230479	2.37084	0.609354	0.30194	0.792564	-0.311278
0.0445616	0.133685	0.803156	0.0197756	2.36897	0.595441	-2.83434	0.803156	-0.298397
0.0371347	0.111404	0.817482	0.0164939	2.36702	0.575718	0.315497	0.817482	-0.280858
0.0297077	0.0891232	0.837512	0.0132044	2.365	0.54626	-2.81273	0.837512	-0.256412
0.0222808	0.0668424	0.866511	0.00990872	2.36291	0.499059	-2.78951	0.866511	-0.221327
0.0148539	0.0445616	0.909149	0.00660839	-0.780854	0.416418	-2.7443	0.909149	-0.169584
0.00742693	0.0222808	0.965397	0.00330497	2.3585	0.260764	-2.63993	0.965397	-0.0940192
0	0	1	1.40436e-17	3.14159	1.39642e-14	3.14159	1	0
