#1:kx	2:ky	3:max_coef	4:target_bands
0	0	0.110676	(0, 1, 2, 3, 4)
0	0.020944	0.110675	(0, 1, 2, 3, 4)
0	0.0418879	0.110672	(0, 1, 2, 3, 4)
0	0.0628319	0.110667	(0, 1, 2, 3, 4)
0	0.0837758	0.110661	(0, 1, 2, 3, 4)
0	0.10472	0.110652	(0, 1, 2, 3, 4)
0	0.125664	0.110642	(0, 1, 2, 3, 4)
0	0.146608	0.11063	(0, 1, 2, 3, 4)
0	0.167552	0.110616	(0, 1, 2, 3, 4)
0	0.188496	0.110601	(0, 1, 2, 3, 4)
0	0.20944	0.110583	(0, 1, 2, 3, 4)
0	0.230383	0.110565	(0, 1, 2, 3, 4)
0	0.251327	0.110544	(0, 1, 2, 3, 4)
0	0.272271	0.110522	(0, 1, 2, 3, 4)
0	0.293215	0.110499	(0, 1, 2, 3, 4)
0	0.314159	0.110474	(0, 1, 2, 3, 4)
0	0.335103	0.110448	(0, 1, 2, 3, 4)
0	0.356047	0.110421	(0, 1, 2, 3, 4)
0	0.376991	0.110392	(0, 1, 2, 3, 4)
0	0.397935	0.110363	(0, 1, 2, 3, 4)

0.020944	0	0.109658	(0, 1, 2, 3, 4)
0.020944	0.020944	0.109657	(0, 1, 2, 3, 4)
0.020944	0.0418879	0.109655	(0, 1, 2, 3, 4)
0.020944	0.0628319	0.109651	(0, 1, 2, 3, 4)
0.020944	0.0837758	0.109645	(0, 1, 2, 3, 4)
0.020944	0.10472	0.109638	(0, 1, 2, 3, 4)
0.020944	0.125664	0.109629	(0, 1, 2, 3, 4)
0.020944	0.146608	0.109618	(0, 1, 2, 3, 4)
0.020944	0.167552	0.109606	(0, 1, 2, 3, 4)
0.020944	0.188496	0.109593	(0, 1, 2, 3, 4)
0.020944	0.20944	0.109578	(0, 1, 2, 3, 4)
0.020944	0.230383	0.109562	(0, 1, 2, 3, 4)
0.020944	0.251327	0.109544	(0, 1, 2, 3, 4)
0.020944	0.272271	0.109525	(0, 1, 2, 3, 4)
0.020944	0.293215	0.109505	(0, 1, 2, 3, 4)
0.020944	0.314159	0.109483	(0, 1, 2, 3, 4)
0.020944	0.335103	0.109461	(0, 1, 2, 3, 4)
0.020944	0.356047	0.109437	(0, 1, 2, 3, 4)
0.020944	0.376991	0.109413	(0, 1, 2, 3, 4)
0.020944	0.397935	0.109387	(0, 1, 2, 3, 4)

0.0418879	0	0.106898	(0, 1, 2, 3, 4)
0.0418879	0.020944	0.106898	(0, 1, 2, 3, 4)
0.0418879	0.0418879	0.106896	(0, 1, 2, 3, 4)
0.0418879	0.0628319	0.106894	(0, 1, 2, 3, 4)
0.0418879	0.0837758	0.10689	(0, 1, 2, 3, 4)
0.0418879	0.10472	0.106885	(0, 1, 2, 3, 4)
0.0418879	0.125664	0.10688	(0, 1, 2, 3, 4)
0.0418879	0.146608	0.106873	(0, 1, 2, 3, 4)
0.0418879	0.167552	0.106866	(0, 1, 2, 3, 4)
0.0418879	0.188496	0.106858	(0, 1, 2, 3, 4)
0.0418879	0.20944	0.106848	(0, 1, 2, 3, 4)
0.0418879	0.230383	0.106838	(0, 1, 2, 3, 4)
0.0418879	0.251327	0.106827	(0, 1, 2, 3, 4)
0.0418879	0.272271	0.106816	(0, 1, 2, 3, 4)
0.0418879	0.293215	0.106803	(0, 1, 2, 3, 4)
0.0418879	0.314159	0.10679	(0, 1, 2, 3, 4)
0.0418879	0.335103	0.106776	(0, 1, 2, 3, 4)
0.0418879	0.356047	0.106762	(0, 1, 2, 3, 4)
0.0418879	0.376991	0.106747	(0, 1, 2, 3, 4)
0.0418879	0.397935	0.106731	(0, 1, 2, 3, 4)

0.0628319	0	0.103061	(0, 1, 2, 3, 4)
0.0628319	0.020944	0.103061	(0, 1, 2, 3, 4)
0.0628319	0.0418879	0.103061	(0, 1, 2, 3, 4)
0.0628319	0.0628319	0.10306	(0, 1, 2, 3, 4)
0.0628319	0.0837758	0.103059	(0, 1, 2, 3, 4)
0.0628319	0.10472	0.103058	(0, 1, 2, 3, 4)
0.0628319	0.125664	0.103056	(0, 1, 2, 3, 4)
0.0628319	0.146608	0.103054	(0, 1, 2, 3, 4)
0.0628319	0.167552	0.103052	(0, 1, 2, 3, 4)
0.0628319	0.188496	0.103049	(0, 1, 2, 3, 4)
0.0628319	0.20944	0.103046	(0, 1, 2, 3, 4)
0.0628319	0.230383	0.103044	(0, 1, 2, 3, 4)
0.0628319	0.251327	0.10304	(0, 1, 2, 3, 4)
0.0628319	0.272271	0.103037	(0, 1, 2, 3, 4)
0.0628319	0.293215	0.103034	(0, 1, 2, 3, 4)
0.0628319	0.314159	0.10303	(0, 1, 2, 3, 4)
0.0628319	0.335103	0.103026	(0, 1, 2, 3, 4)
0.0628319	0.356047	0.103023	(0, 1, 2, 3, 4)
0.0628319	0.376991	0.103019	(0, 1, 2, 3, 4)
0.0628319	0.397935	0.103015	(0, 1, 2, 3, 4)

0.0837758	0	0.0987985	(0, 1, 2, 3, 4)
0.0837758	0.020944	0.0987987	(0, 1, 2, 3, 4)
0.0837758	0.0418879	0.0987991	(0, 1, 2, 3, 4)
0.0837758	0.0628319	0.0987998	(0, 1, 2, 3, 4)
0.0837758	0.0837758	0.0988009	(0, 1, 2, 3, 4)
0.0837758	0.10472	0.0988022	(0, 1, 2, 3, 4)
0.0837758	0.125664	0.0988038	(0, 1, 2, 3, 4)
0.0837758	0.146608	0.0988057	(0, 1, 2, 3, 4)
0.0837758	0.167552	0.098808	(0, 1, 2, 3, 4)
0.0837758	0.188496	0.0988106	(0, 1, 2, 3, 4)
0.0837758	0.20944	0.0988135	(0, 1, 2, 3, 4)
0.0837758	0.230383	0.0988167	(0, 1, 2, 3, 4)
0.0837758	0.251327	0.0988203	(0, 1, 2, 3, 4)
0.0837758	0.272271	0.0988242	(0, 1, 2, 3, 4)
0.0837758	0.293215	0.0988285	(0, 1, 2, 3, 4)
0.0837758	0.314159	0.0988332	(0, 1, 2, 3, 4)
0.0837758	0.335103	0.0988383	(0, 1, 2, 3, 4)
0.0837758	0.356047	0.0988438	(0, 1, 2, 3, 4)
0.0837758	0.376991	0.0988497	(0, 1, 2, 3, 4)
0.0837758	0.397935	0.098856	(0, 1, 2, 3, 4)

0.10472	0	0.0945393	(0, 1, 2, 3, 4)
0.10472	0.020944	0.0945396	(0, 1, 2, 3, 4)
0.10472	0.0418879	0.0945407	(0, 1, 2, 3, 4)
0.10472	0.0628319	0.0945426	(0, 1, 2, 3, 4)
0.10472	0.0837758	0.0945451	(0, 1, 2, 3, 4)
0.10472	0.10472	0.0945484	(0, 1, 2, 3, 4)
0.10472	0.125664	0.0945524	(0, 1, 2, 3, 4)
0.10472	0.146608	0.0945572	(0, 1, 2, 3, 4)
0.10472	0.167552	0.0945627	(0, 1, 2, 3, 4)
0.10472	0.188496	0.0945689	(0, 1, 2, 3, 4)
0.10472	0.20944	0.0945759	(0, 1, 2, 3, 4)
0.10472	0.230383	0.0945836	(0, 1, 2, 3, 4)
0.10472	0.251327	0.094592	(0, 1, 2, 3, 4)
0.10472	0.272271	0.0946012	(0, 1, 2, 3, 4)
0.10472	0.293215	0.0946112	(0, 1, 2, 3, 4)
0.10472	0.314159	0.0946219	(0, 1, 2, 3, 4)
0.10472	0.335103	0.0946333	(0, 1, 2, 3, 4)
0.10472	0.356047	0.0946455	(0, 1, 2, 3, 4)
0.10472	0.376991	0.0946585	(0, 1, 2, 3, 4)
0.10472	0.397935	0.0946722	(0, 1, 2, 3, 4)

0.125664	0	0.0904947	(0, 1, 2, 3, 4)
0.125664	0.020944	0.0904952	(0, 1, 2, 3, 4)
0.125664	0.0418879	0.0904968	(0, 1, 2, 3, 4)
0.125664	0.0628319	0.0904993	(0, 1, 2, 3, 4)
0.125664	0.0837758	0.0905028	(0, 1, 2, 3, 4)
0.125664	0.10472	0.0905074	(0, 1, 2, 3, 4)
0.125664	0.125664	0.090513	(0, 1, 2, 3, 4)
0.125664	0.146608	0.0905196	(0, 1, 2, 3, 4)
0.125664	0.167552	0.0905272	(0, 1, 2, 3, 4)
0.125664	0.188496	0.0905358	(0, 1, 2, 3, 4)
0.125664	0.20944	0.0905454	(0, 1, 2, 3, 4)
0.125664	0.230383	0.090556	(0, 1, 2, 3, 4)
0.125664	0.251327	0.0905676	(0, 1, 2, 3, 4)
0.125664	0.272271	0.0905803	(0, 1, 2, 3, 4)
0.125664	0.293215	0.0905939	(0, 1, 2, 3, 4)
0.125664	0.314159	0.0906085	(0, 1, 2, 3, 4)
0.125664	0.335103	0.0906241	(0, 1, 2, 3, 4)
0.125664	0.356047	0.0906407	(0, 1, 2, 3, 4)
0.125664	0.376991	0.0906583	(0, 1, 2, 3, 4)
0.125664	0.397935	0.0906768	(0, 1, 2, 3, 4)

0.146608	0	0.086734	(0, 1, 2, 3, 4)
0.146608	0.020944	0.0867345	(0, 1, 2, 3, 4)
0.146608	0.0418879	0.0867363	(0, 1, 2, 3, 4)
0.146608	0.0628319	0.0867393	(0, 1, 2, 3, 4)
0.146608	0.0837758	0.0867434	(0, 1, 2, 3, 4)
0.146608	0.10472	0.0867488	(0, 1, 2, 3, 4)
0.146608	0.125664	0.0867553	(0, 1, 2, 3, 4)
0.146608	0.146608	0.086763	(0, 1, 2, 3, 4)
0.146608	0.167552	0.0867718	(0, 1, 2, 3, 4)
0.146608	0.188496	0.0867819	(0, 1, 2, 3, 4)
0.146608	0.20944	0.0867931	(0, 1, 2, 3, 4)
0.146608	0.230383	0.0868054	(0, 1, 2, 3, 4)
0.146608	0.251327	0.086819	(0, 1, 2, 3, 4)
0.146608	0.272271	0.0868336	(0, 1, 2, 3, 4)
0.146608	0.293215	0.0868494	(0, 1, 2, 3, 4)
0.146608	0.314159	0.0868664	(0, 1, 2, 3, 4)
0.146608	0.335103	0.0868845	(0, 1, 2, 3, 4)
0.146608	0.356047	0.0869037	(0, 1, 2, 3, 4)
0.146608	0.376991	0.0869241	(0, 1, 2, 3, 4)
0.146608	0.397935	0.0869455	(0, 1, 2, 3, 4)

0.167552	0	0.0832524	(0, 1, 2, 3, 4)
0.167552	0.020944	0.0832531	(0, 1, 2, 3, 4)
0.167552	0.0418879	0.083255	(0, 1, 2, 3, 4)
0.167552	0.0628319	0.0832582	(0, 1, 2, 3, 4)
0.167552	0.0837758	0.0832627	(0, 1, 2, 3, 4)
0.167552	0.10472	0.0832684	(0, 1, 2, 3, 4)
0.167552	0.125664	0.0832754	(0, 1, 2, 3, 4)
0.167552	0.146608	0.0832837	(0, 1, 2, 3, 4)
0.167552	0.167552	0.0832933	(0, 1, 2, 3, 4)
0.167552	0.188496	0.0833041	(0, 1, 2, 3, 4)
0.167552	0.20944	0.0833162	(0, 1, 2, 3, 4)
0.167552	0.230383	0.0833295	(0, 1, 2, 3, 4)
0.167552	0.251327	0.083344	(0, 1, 2, 3, 4)
0.167552	0.272271	0.0833598	(0, 1, 2, 3, 4)
0.167552	0.293215	0.0833769	(0, 1, 2, 3, 4)
0.167552	0.314159	0.0833951	(0, 1, 2, 3, 4)
0.167552	0.335103	0.0834146	(0, 1, 2, 3, 4)
0.167552	0.356047	0.0834352	(0, 1, 2, 3, 4)
0.167552	0.376991	0.0834571	(0, 1, 2, 3, 4)
0.167552	0.397935	0.0834801	(0, 1, 2, 3, 4)

0.188496	0	0.0800127	(0, 1, 2, 3, 4)
0.188496	0.020944	0.0800133	(0, 1, 2, 3, 4)
0.188496	0.0418879	0.0800153	(0, 1, 2, 3, 4)
0.188496	0.0628319	0.0800186	(0, 1, 2, 3, 4)
0.188496	0.0837758	0.0800232	(0, 1, 2, 3, 4)
0.188496	0.10472	0.0800292	(0, 1, 2, 3, 4)
0.188496	0.125664	0.0800365	(0, 1, 2, 3, 4)
0.188496	0.146608	0.080045	(0, 1, 2, 3, 4)
0.188496	0.167552	0.0800549	(0, 1, 2, 3, 4)
0.188496	0.188496	0.0800661	(0, 1, 2, 3, 4)
0.188496	0.20944	0.0800786	(0, 1, 2, 3, 4)
0.188496	0.230383	0.0800924	(0, 1, 2, 3, 4)
0.188496	0.251327	0.0801075	(0, 1, 2, 3, 4)
0.188496	0.272271	0.0801238	(0, 1, 2, 3, 4)
0.188496	0.293215	0.0801414	(0, 1, 2, 3, 4)
0.188496	0.314159	0.0801603	(0, 1, 2, 3, 4)
0.188496	0.335103	0.0801804	(0, 1, 2, 3, 4)
0.188496	0.356047	0.0802017	(0, 1, 2, 3, 4)
0.188496	0.376991	0.0802243	(0, 1, 2, 3, 4)
0.188496	0.397935	0.0802481	(0, 1, 2, 3, 4)

0.20944	0	0.0769632	(0, 1, 2, 3, 4)
0.20944	0.020944	0.0769638	(0, 1, 2, 3, 4)
0.20944	0.0418879	0.0769658	(0, 1, 2, 3, 4)
0.20944	0.0628319	0.0769692	(0, 1, 2, 3, 4)
0.20944	0.0837758	0.0769739	(0, 1, 2, 3, 4)
0.20944	0.10472	0.0769799	(0, 1, 2, 3, 4)
0.20944	0.125664	0.0769873	(0, 1, 2, 3, 4)
0.20944	0.146608	0.076996	(0, 1, 2, 3, 4)
0.20944	0.167552	0.077006	(0, 1, 2, 3, 4)
0.20944	0.188496	0.0770173	(0, 1, 2, 3, 4)
0.20944	0.20944	0.0770299	(0, 1, 2, 3, 4)
0.20944	0.230383	0.0770439	(0, 1, 2, 3, 4)
0.20944	0.251327	0.0770592	(0, 1, 2, 3, 4)
0.20944	0.272271	0.0770757	(0, 1, 2, 3, 4)
0.20944	0.293215	0.0770935	(0, 1, 2, 3, 4)
0.20944	0.314159	0.0771126	(0, 1, 2, 3, 4)
0.20944	0.335103	0.077133	(0, 1, 2, 3, 4)
0.20944	0.356047	0.0771546	(0, 1, 2, 3, 4)
0.20944	0.376991	0.0771774	(0, 1, 2, 3, 4)
0.20944	0.397935	0.0772015	(0, 1, 2, 3, 4)

0.230383	0	0.0740445	(0, 1, 2, 3, 4)
0.230383	0.020944	0.0740452	(0, 1, 2, 3, 4)
0.230383	0.0418879	0.0740472	(0, 1, 2, 3, 4)
0.230383	0.0628319	0.0740506	(0, 1, 2, 3, 4)
0.230383	0.0837758	0.0740553	(0, 1, 2, 3, 4)
0.230383	0.10472	0.0740613	(0, 1, 2, 3, 4)
0.230383	0.125664	0.0740687	(0, 1, 2, 3, 4)
0.230383	0.146608	0.0740774	(0, 1, 2, 3, 4)
0.230383	0.167552	0.0740874	(0, 1, 2, 3, 4)
0.230383	0.188496	0.0740988	(0, 1, 2, 3, 4)
0.230383	0.20944	0.0741114	(0, 1, 2, 3, 4)
0.230383	0.230383	0.0741254	(0, 1, 2, 3, 4)
0.230383	0.251327	0.0741407	(0, 1, 2, 3, 4)
0.230383	0.272271	0.0741573	(0, 1, 2, 3, 4)
0.230383	0.293215	0.0741751	(0, 1, 2, 3, 4)
0.230383	0.314159	0.0741942	(0, 1, 2, 3, 4)
0.230383	0.335103	0.0742146	(0, 1, 2, 3, 4)
0.230383	0.356047	0.0742363	(0, 1, 2, 3, 4)
0.230383	0.376991	0.0742592	(0, 1, 2, 3, 4)
0.230383	0.397935	0.0742833	(0, 1, 2, 3, 4)

0.251327	0	0.0711881	(0, 1, 2, 3, 4)
0.251327	0.020944	0.0711888	(0, 1, 2, 3, 4)
0.251327	0.0418879	0.0711908	(0, 1, 2, 3, 4)
0.251327	0.0628319	0.0711941	(0, 1, 2, 3, 4)
0.251327	0.0837758	0.0711988	(0, 1, 2, 3, 4)
0.251327	0.10472	0.0712049	(0, 1, 2, 3, 4)
0.251327	0.125664	0.0712122	(0, 1, 2, 3, 4)
0.251327	0.146608	0.0712209	(0, 1, 2, 3, 4)
0.251327	0.167552	0.071231	(0, 1, 2, 3, 4)
0.251327	0.188496	0.0712423	(0, 1, 2, 3, 4)
0.251327	0.20944	0.071255	(0, 1, 2, 3, 4)
0.251327	0.230383	0.0712689	(0, 1, 2, 3, 4)
0.251327	0.251327	0.0712842	(0, 1, 2, 3, 4)
0.251327	0.272271	0.0713007	(0, 1, 2, 3, 4)
0.251327	0.293215	0.0713186	(0, 1, 2, 3, 4)
0.251327	0.314159	0.0713377	(0, 1, 2, 3, 4)
0.251327	0.335103	0.071358	(0, 1, 2, 3, 4)
0.251327	0.356047	0.0713796	(0, 1, 2, 3, 4)
0.251327	0.376991	0.0714025	(0, 1, 2, 3, 4)
0.251327	0.397935	0.0714266	(0, 1, 2, 3, 4)

0.272271	0	0.0683104	(0, 1, 2, 3, 4)
0.272271	0.020944	0.0683111	(0, 1, 2, 3, 4)
0.272271	0.0418879	0.0683131	(0, 1, 2, 3, 4)
0.272271	0.0628319	0.0683164	(0, 1, 2, 3, 4)
0.272271	0.0837758	0.0683212	(0, 1, 2, 3, 4)
0.272271	0.10472	0.0683272	(0, 1, 2, 3, 4)
0.272271	0.125664	0.0683346	(0, 1, 2, 3, 4)
0.272271	0.146608	0.0683433	(0, 1, 2, 3, 4)
0.272271	0.167552	0.0683534	(0, 1, 2, 3, 4)
0.272271	0.188496	0.0683648	(0, 1, 2, 3, 4)
0.272271	0.20944	0.0683774	(0, 1, 2, 3, 4)
0.272271	0.230383	0.0683915	(0, 1, 2, 3, 4)
0.272271	0.251327	0.0684068	(0, 1, 2, 3, 4)
0.272271	0.272271	0.0684234	(0, 1, 2, 3, 4)
0.272271	0.293215	0.0684412	(0, 1, 2, 3, 4)
0.272271	0.314159	0.0684604	(0, 1, 2, 3, 4)
0.272271	0.335103	0.0684808	(0, 1, 2, 3, 4)
0.272271	0.356047	0.0685025	(0, 1, 2, 3, 4)
0.272271	0.376991	0.0685254	(0, 1, 2, 3, 4)
0.272271	0.397935	0.0685496	(0, 1, 2, 3, 4)

0.293215	0	0.0653043	(0, 1, 2, 3, 4)
0.293215	0.020944	0.065305	(0, 1, 2, 3, 4)
0.293215	0.0418879	0.065307	(0, 1, 2, 3, 4)
0.293215	0.0628319	0.0653104	(0, 1, 2, 3, 4)
0.293215	0.0837758	0.0653152	(0, 1, 2, 3, 4)
0.293215	0.10472	0.0653214	(0, 1, 2, 3, 4)
0.293215	0.125664	0.0653289	(0, 1, 2, 3, 4)
0.293215	0.146608	0.0653378	(0, 1, 2, 3, 4)
0.293215	0.167552	0.065348	(0, 1, 2, 3, 4)
0.293215	0.188496	0.0653596	(0, 1, 2, 3, 4)
0.293215	0.20944	0.0653725	(0, 1, 2, 3, 4)
0.293215	0.230383	0.0653867	(0, 1, 2, 3, 4)
0.293215	0.251327	0.0654023	(0, 1, 2, 3, 4)
0.293215	0.272271	0.0654191	(0, 1, 2, 3, 4)
0.293215	0.293215	0.0654373	(0, 1, 2, 3, 4)
0.293215	0.314159	0.0654568	(0, 1, 2, 3, 4)
0.293215	0.335103	0.0654775	(0, 1, 2, 3, 4)
0.293215	0.356047	0.0654996	(0, 1, 2, 3, 4)
0.293215	0.376991	0.0655229	(0, 1, 2, 3, 4)
0.293215	0.397935	0.0655474	(0, 1, 2, 3, 4)

0.314159	0	0.0620298	(0, 1, 2, 3, 4)
0.314159	0.020944	0.0620305	(0, 1, 2, 3, 4)
0.314159	0.0418879	0.0620327	(0, 1, 2, 3, 4)
0.314159	0.0628319	0.0620363	(0, 1, 2, 3, 4)
0.314159	0.0837758	0.0620413	(0, 1, 2, 3, 4)
0.314159	0.10472	0.0620477	(0, 1, 2, 3, 4)
0.314159	0.125664	0.0620555	(0, 1, 2, 3, 4)
0.314159	0.146608	0.0620648	(0, 1, 2, 3, 4)
0.314159	0.167552	0.0620755	(0, 1, 2, 3, 4)
0.314159	0.188496	0.0620876	(0, 1, 2, 3, 4)
0.314159	0.20944	0.062101	(0, 1, 2, 3, 4)
0.314159	0.230383	0.0621159	(0, 1, 2, 3, 4)
0.314159	0.251327	0.0621321	(0, 1, 2, 3, 4)
0.314159	0.272271	0.0621498	(0, 1, 2, 3, 4)
0.314159	0.293215	0.0621687	(0, 1, 2, 3, 4)
0.314159	0.314159	0.062189	(0, 1, 2, 3, 4)
0.314159	0.335103	0.0622107	(0, 1, 2, 3, 4)
0.314159	0.356047	0.0622337	(0, 1, 2, 3, 4)
0.314159	0.376991	0.062258	(0, 1, 2, 3, 4)
0.314159	0.397935	0.0622836	(0, 1, 2, 3, 4)

0.335103	0	0.0583095	(0, 1, 2, 3, 4)
0.335103	0.020944	0.0583103	(0, 1, 2, 3, 4)
0.335103	0.0418879	0.0583126	(0, 1, 2, 3, 4)
0.335103	0.0628319	0.0583165	(0, 1, 2, 3, 4)
0.335103	0.0837758	0.058322	(0, 1, 2, 3, 4)
0.335103	0.10472	0.058329	(0, 1, 2, 3, 4)
0.335103	0.125664	0.0583376	(0, 1, 2, 3, 4)
0.335103	0.146608	0.0583478	(0, 1, 2, 3, 4)
0.335103	0.167552	0.0583594	(0, 1, 2, 3, 4)
0.335103	0.188496	0.0583726	(0, 1, 2, 3, 4)
0.335103	0.20944	0.0583873	(0, 1, 2, 3, 4)
0.335103	0.230383	0.0584036	(0, 1, 2, 3, 4)
0.335103	0.251327	0.0584213	(0, 1, 2, 3, 4)
0.335103	0.272271	0.0584406	(0, 1, 2, 3, 4)
0.335103	0.293215	0.0584613	(0, 1, 2, 3, 4)
0.335103	0.314159	0.0584835	(0, 1, 2, 3, 4)
0.335103	0.335103	0.0585071	(0, 1, 2, 3, 4)
0.335103	0.356047	0.0585322	(0, 1, 2, 3, 4)
0.335103	0.376991	0.0585587	(0, 1, 2, 3, 4)
0.335103	0.397935	0.0585865	(0, 1, 2, 3, 4)

0.356047	0	0.0539434	(0, 1, 2, 3, 4)
0.356047	0.020944	0.0539443	(0, 1, 2, 3, 4)
0.356047	0.0418879	0.053947	(0, 1, 2, 3, 4)
0.356047	0.0628319	0.0539516	(0, 1, 2, 3, 4)
0.356047	0.0837758	0.053958	(0, 1, 2, 3, 4)
0.356047	0.10472	0.0539662	(0, 1, 2, 3, 4)
0.356047	0.125664	0.0539762	(0, 1, 2, 3, 4)
0.356047	0.146608	0.053988	(0, 1, 2, 3, 4)
0.356047	0.167552	0.0540016	(0, 1, 2, 3, 4)
0.356047	0.188496	0.054017	(0, 1, 2, 3, 4)
0.356047	0.20944	0.0540341	(0, 1, 2, 3, 4)
0.356047	0.230383	0.054053	(0, 1, 2, 3, 4)
0.356047	0.251327	0.0540737	(0, 1, 2, 3, 4)
0.356047	0.272271	0.0540961	(0, 1, 2, 3, 4)
0.356047	0.293215	0.0541201	(0, 1, 2, 3, 4)
0.356047	0.314159	0.0541459	(0, 1, 2, 3, 4)
0.356047	0.335103	0.0541734	(0, 1, 2, 3, 4)
0.356047	0.356047	0.0542025	(0, 1, 2, 3, 4)
0.356047	0.376991	0.0542332	(0, 1, 2, 3, 4)
0.356047	0.397935	0.0542656	(0, 1, 2, 3, 4)

0.376991	0	0.0517853	(0, 1, 3, 4, 5)
0.376991	0.020944	0.0487715	(0, 1, 2, 3, 4)
0.376991	0.0418879	0.048775	(0, 1, 2, 3, 4)
0.376991	0.0628319	0.0487806	(0, 1, 2, 3, 4)
0.376991	0.0837758	0.0487886	(0, 1, 2, 3, 4)
0.376991	0.10472	0.0487988	(0, 1, 2, 3, 4)
0.376991	0.125664	0.0488112	(0, 1, 2, 3, 4)
0.376991	0.146608	0.0488259	(0, 1, 2, 3, 4)
0.376991	0.167552	0.0488429	(0, 1, 2, 3, 4)
0.376991	0.188496	0.048862	(0, 1, 2, 3, 4)
0.376991	0.20944	0.0488833	(0, 1, 2, 3, 4)
0.376991	0.230383	0.0489068	(0, 1, 2, 3, 4)
0.376991	0.251327	0.0489324	(0, 1, 2, 3, 4)
0.376991	0.272271	0.0489602	(0, 1, 2, 3, 4)
0.376991	0.293215	0.04899	(0, 1, 2, 3, 4)
0.376991	0.314159	0.049022	(0, 1, 2, 3, 4)
0.376991	0.335103	0.0490559	(0, 1, 2, 3, 4)
0.376991	0.356047	0.0490919	(0, 1, 2, 3, 4)
0.376991	0.376991	0.0491299	(0, 1, 2, 3, 4)
0.376991	0.397935	0.0491699	(0, 1, 2, 3, 4)

0.397935	0	0.0523754	(0, 1, 3, 4, 5)
0.397935	0.020944	0.0427954	(0, 1, 2, 3, 4)
0.397935	0.0418879	0.0427998	(0, 1, 2, 3, 4)
0.397935	0.0628319	0.0428071	(0, 1, 2, 3, 4)
0.397935	0.0837758	0.0428174	(0, 1, 2, 3, 4)
0.397935	0.10472	0.0428305	(0, 1, 2, 3, 4)
0.397935	0.125664	0.0428465	(0, 1, 2, 3, 4)
0.397935	0.146608	0.0428654	(0, 1, 2, 3, 4)
0.397935	0.167552	0.0428872	(0, 1, 2, 3, 4)
0.397935	0.188496	0.0429118	(0, 1, 2, 3, 4)
0.397935	0.20944	0.0429391	(0, 1, 2, 3, 4)
0.397935	0.230383	0.0429693	(0, 1, 2, 3, 4)
0.397935	0.251327	0.0430022	(0, 1, 2, 3, 4)
0.397935	0.272271	0.0430378	(0, 1, 2, 3, 4)
0.397935	0.293215	0.043076	(0, 1, 2, 3, 4)
0.397935	0.314159	0.0431169	(0, 1, 2, 3, 4)
0.397935	0.335103	0.0431604	(0, 1, 2, 3, 4)
0.397935	0.356047	0.0432064	(0, 1, 2, 3, 4)
0.397935	0.376991	0.0432549	(0, 1, 2, 3, 4)
0.397935	0.397935	0.0433058	(0, 1, 2, 3, 4)

