#1:kx	2:ky	3:max_abs	4:abs(coef1)	5:angle(coef1)	6:abs(coef2)	7:angle(coef2)	8:...
0	0	0.707813	0.707813	0	0.7064	0	0.000351967	0
0.0634665	0	0.757021	0.757021	0	0.652875	0	0.0259362	0
0.126933	0	0.799766	0.799766	0	0.598215	0	0.0501278	0
0.1904	0	0.835105	0.835105	0	0.545366	0	0.0719361	3.14159
0.253866	0	0.863293	0.863293	0	0.496443	0	0.0909342	0
0.317333	0	0.885284	0.885284	0	0.452533	0	0.107172	0
0.380799	0	0.902254	0.902254	0	0.413886	0	0.120982	3.14159
0.444266	0	0.915303	0.915303	0	0.38024	0	0.13281	0
0.507732	0	0.925344	0.925344	0	0.351081	0	0.14311	0
0.571199	0	0.933084	0.933084	0	0.325825	0	0.152291	3.14159
0.634665	0	0.939052	0.939052	0	0.303899	0	0.160705	0
0.698132	0	0.943638	0.943638	0	0.28479	0	0.16865	0
0.761598	0	0.947122	0.947122	0	0.26805	0	0.176379	0
0.825065	0	0.949707	0.949707	0	0.253298	0	0.18411	0
0.888531	0	0.951536	0.951536	0	0.240208	0	0.192041	0
0.951998	0	0.952704	0.952704	0	0.228503	0	0.200353	0
1.01546	0	0.953272	0.953272	0	0.217942	0	0.209223	0
1.07893	0	0.953267	0.953267	0	0.208312	0	0.218834	0
1.1424	0	0.95269	0.95269	0	0.199421	0	0.229377	0
1.20586	0	0.951511	0.951511	0	0.191086	0	0.241065	0
1.26933	0	0.949672	0.949672	0	0.18313	0	0.254138	0
1.3328	0	0.947076	0.947076	0	0.17537	0	0.268874	0
1.39626	0	0.943579	0.943579	0	0.167609	0	0.285597	3.14159
1.45973	0	0.93898	0.93898	0	0.159629	0	0.304688	0
1.5232	0	0.932997	0.932997	0	0.151174	0	0.326593	3.14159
1.58666	0	0.92524	0.92524	0	0.141947	0	0.351828	0
1.65013	0	0.915179	0.915179	0	0.131593	0	0.380961	0
1.7136	0	0.902107	0.902107	0	0.119704	0	0.414577	3.14159
1.77706	0	0.885111	0.885111	0	0.105825	0	0.453188	0
1.84053	0	0.86309	0.86309	0	0.0895107	0	0.497055	0
1.904	0	0.834868	0.834868	0	0.0704288	0	0.545926	0
1.96746	0	0.799491	0.799491	0	0.0485322	0	0.598714	3.14159
2.03093	0	0.756707	0.756707	0	0.0242526	0	0.653304	0
2.0944	0	0.70746	0.70746	3.14159	0.00141422	0	0.706752	3.14159
2.15786	0	0.756002	0.654009	0	0.0270726	3.14159	0.756002	0
2.22133	0	0.798793	0.599413	0	0.0513287	3.14159	0.798793	3.14159
2.28479	0	0.834178	0.546617	3.14159	0.0731904	0	0.834178	3.14159
2.34826	0	0.862411	0.497736	3.14159	0.092231	0	0.862411	0
2.41173	0	0.884443	0.453858	3.14159	0.108502	0	0.884443	0
2.47519	0	0.90145	0.415237	0	0.122337	3.14159	0.90145	0
2.53866	0	0.914532	0.38161	3.14159	0.134186	0	0.914532	3.14159
2.60213	0	0.924601	0.352466	3.14159	0.144501	0	0.924601	3.14159
2.66559	0	0.932365	0.327221	3.14159	0.153693	0	0.932365	0
2.72906	0	0.938354	0.305304	3.14159	0.162116	0	0.938354	3.14159
2.79253	0	0.942956	0.286202	3.14159	0.170068	0	0.942956	3.14159
2.85599	0	0.946453	0.269468	3.14159	0.177802	0	0.946453	3.14159
2.91946	0	0.949049	0.254719	3.14159	0.185538	0	0.949049	3.14159
2.98293	0	0.950885	0.241632	3.14159	0.193471	0	0.950885	3.14159
3.04639	0	0.952059	0.229928	0	0.201785	3.14159	0.952059	0
3.10986	0	0.952629	0.219368	3.14159	0.210656	0	0.952629	3.14159
3.17333	0	0.952624	0.209738	3.14159	0.220266	0	0.952624	3.14159
3.23679	0	0.952044	0.200846	3.14159	0.230809	0	0.952044	3.14159
3.30026	0	0.950861	0.19251	0	0.242495	3.14159	0.950861	0
3.36373	0	0.949014	0.184551	3.14159	0.255565	0	0.949014	3.14159
3.42719	0	0.946407	0.176787	3.14159	0.270297	0	0.946407	3.14159
3.49066	0	0.942897	0.169021	0	0.287014	3.14159	0.942897	0
3.55413	0	0.938282	0.161033	3.14159	0.306098	0	0.938282	3.14159
3.61759	0	0.932278	0.15257	0	0.327995	3.14159	0.932278	0
3.68106	0	0.924496	0.143331	3.14159	0.353218	0	0.924496	3.14159
3.74452	0	0.914407	0.132963	0	0.382335	3.14159	0.914407	3.14159
3.80799	0	0.901303	0.121054	0	0.415932	3.14159	0.901303	0
3.87146	0	0.88427	0.107149	3.14159	0.454517	0	0.88427	3.14159
3.93492	0	0.862208	0.0908022	0	0.49835	3.14159	0.862208	0
3.99839	0	0.833941	0.0716781	3.14159	0.547179	0	0.833941	0
4.06186	0	0.798518	0.0497288	3.14159	0.599914	0	0.798518	0
4.12532	0	0.755688	0.0253852	3.14159	0.654439	0	0.755688	0
4.18879	0	0.707814	0.000355149	0	0.707814	0	0.706399	3.14159
4.25226	0	0.756983	0.0260934	0	0.756983	0	0.652913	3.14159
4.31572	0	0.799692	0.050431	0	0.799692	0	0.598289	0
4.37919	0	0.834998	0.0723716	0	0.834998	0	0.545473	3.14159
4.44266	0	0.863157	0.0914853	0	0.863157	0	0.496578	3.14159
4.50612	0	0.885124	0.107821	0	0.885124	0	0.452692	0
4.56959	0	0.902072	0.121715	0	0.902072	0	0.414067	0
4.63306	0	0.915104	0.133614	0	0.915104	0	0.380438	3.14159
4.69652	0	0.925129	0.143972	0	0.925129	0	0.351295	3.14159
4.75999	0	0.932855	0.153202	0	0.932855	0	0.326052	3.14159
4.82346	0	0.938811	0.161658	0	0.938811	0	0.304139	0
4.88692	0	0.943384	0.169638	0	0.943384	0	0.285042	3.14159
4.95039	0	0.946857	0.177397	0	0.946857	0	0.268314	3.14159
5.01385	0	0.94943	0.185155	0	0.94943	0	0.253573	3.14159
5.07732	0	0.951247	0.193108	0	0.951247	0	0.240495	3.14159
5.14079	0	0.952403	0.201439	0	0.952403	0	0.228803	3.14159
5.20425	0	0.952957	0.210326	0	0.952957	0	0.218255	3.14159
5.26772	0	0.952938	0.219951	0	0.952938	0	0.208639	3.14159
5.33119	0	0.952345	0.230507	0	0.952345	0	0.199764	0
5.39465	0	0.951149	0.242205	0	0.951149	0	0.191447	3.14159
5.45812	0	0.94929	0.255288	0	0.94929	0	0.183511	3.14159
5.52159	0	0.946672	0.270031	0	0.946672	0	0.175773	3.14159
5.58505	0	0.94315	0.28676	0	0.94315	0	0.168038	3.14159
5.64852	0	0.938523	0.305856	0	0.938523	0	0.160085	3.14159
5.71199	0	0.932506	0.327765	0	0.932506	0	0.151664	3.14159
5.77545	0	0.924711	0.353002	0	0.924711	0	0.142475	3.14159
5.83892	0	0.914607	0.382135	0	0.914607	0	0.132165	3.14159
5.90239	0	0.901484	0.415749	0	0.901484	0	0.120326	3.14159
5.96585	0	0.884431	0.454355	0	0.884431	0	0.106505	3.14159
6.02932	0	0.862344	0.498213	0	0.862344	0	0.0902572	3.14159
6.09279	0	0.834049	0.54707	0	0.834049	0	0.0712488	3.14159
6.15625	0	0.798593	0.599838	0	0.798593	0	0.0494318	3.14159
6.21972	0	0.755727	0.6544	0	0.755727	0	0.0252343	3.14159
