#1:k	2:erg1	3:erg2	4:erg3
0	-2.54558	7.00828e-16	2.54558

0.0125916	-2.5455	0.0125912	2.5455

0.0251831	-2.54526	0.0251804	2.54526

0.0377747	-2.54486	0.0377657	2.54486

0.0503662	-2.54429	0.0503449	2.54429

0.0629578	-2.54356	0.0629162	2.54356

0.0755493	-2.54267	0.0754775	2.54267

0.0881409	-2.54162	0.0880268	2.54162

0.100732	-2.54041	0.100562	2.54041

0.113324	-2.53903	0.113082	2.53903

0.125916	-2.5375	0.125583	2.5375

0.138507	-2.5358	0.138065	2.5358

0.151099	-2.53395	0.150524	2.53395

0.16369	-2.53193	0.16296	2.53193

0.176282	-2.52975	0.17537	2.52975

0.188873	-2.52742	0.187752	2.52742

0.201465	-2.52492	0.200105	2.52492

0.214056	-2.52227	0.212425	2.52227

0.226648	-2.51946	0.224712	2.51946

0.23924	-2.51649	0.236964	2.51649

0.251831	-2.51336	0.249178	2.51336

0.264423	-2.51007	0.261352	2.51007

0.277014	-2.50663	0.273485	2.50663

0.289606	-2.50304	0.285574	2.50304

0.302197	-2.49928	0.297619	2.49928

0.314789	-2.49537	0.309616	2.49537

0.32738	-2.49131	0.321564	2.49131

0.339972	-2.4871	0.333461	2.4871

0.352564	-2.48273	0.345305	2.48273

0.365155	-2.47821	0.357094	2.47821

0.377747	-2.47353	0.368827	2.47353

0.390338	-2.46871	0.380501	2.46871

0.40293	-2.46373	0.392115	2.46373

0.415521	-2.45861	0.403667	2.45861

0.428113	-2.45333	0.415155	2.45333

0.440704	-2.44791	0.426577	2.44791

0.453296	-2.44234	0.437931	2.44234

0.465887	-2.43663	0.449216	2.43663

0.478479	-2.43077	0.46043	2.43077

0.491071	-2.42476	0.47157	2.42476

0.503662	-2.41861	0.482636	2.41861

0.516254	-2.41232	0.493626	2.41232

0.528845	-2.40589	0.504537	2.40589

0.541437	-2.39931	0.515368	2.39931

0.554028	-2.3926	0.526117	2.3926

0.56662	-2.38574	0.536783	2.38574

0.579211	-2.37875	0.547364	2.37875

0.591803	-2.37162	0.557858	2.37162

0.604395	-2.36436	0.568264	2.36436

0.616986	-2.35696	0.57858	2.35696

0.629578	-2.34942	0.588803	2.34942

0.642169	-2.34176	0.598934	2.34176

0.654761	-2.33396	0.60897	2.33396

0.667352	-2.32603	0.618909	2.32603

0.679944	-2.31798	0.628749	2.31798

0.692535	-2.30979	0.638491	2.30979

0.705127	-2.30148	0.648131	2.30148

0.717719	-2.29305	0.657668	2.29305

0.73031	-2.28449	0.667101	2.28449

0.742902	-2.2758	0.676428	2.2758

0.755493	-2.267	0.685648	2.267

0.768085	-2.25807	0.694759	2.25807

0.780676	-2.24903	0.70376	2.24903

0.793268	-2.23987	0.71265	2.23987

0.805859	-2.23059	0.721426	2.23059

0.818451	-2.22119	0.730088	2.22119

0.831043	-2.21169	0.738635	2.21169

0.843634	-2.20207	0.747064	2.20207

0.856226	-2.19234	0.755375	2.19234

0.868817	-2.1825	0.763566	2.1825

0.881409	-2.17255	0.771636	2.17255

0.894	-2.1625	0.779583	2.1625

0.906592	-2.15234	0.787407	2.15234

0.919183	-2.14208	0.795107	2.14208

0.931775	-2.13172	0.80268	2.13172

0.944367	-2.12125	0.810126	2.12125

0.956958	-2.11069	0.817443	2.11069

0.96955	-2.10003	0.824631	2.10003

0.982141	-2.08928	0.831688	2.08928

0.994733	-2.07843	0.838613	2.07843

1.00732	-2.06748	0.845406	2.06748

1.01992	-2.05645	0.852064	2.05645

1.03251	-2.04533	0.858587	2.04533

1.0451	-2.03412	0.864974	2.03412

1.05769	-2.02282	0.871224	2.02282

1.07028	-2.01144	0.877336	2.01144

1.08287	-1.99998	0.883309	1.99998

1.09547	-1.98843	0.889141	1.98843

1.10806	-1.97681	0.894833	1.97681

1.12065	-1.9651	0.900383	1.9651

1.13324	-1.95332	0.90579	1.95332

1.14583	-1.94147	0.911053	1.94147

1.15842	-1.92954	0.916172	1.92954

1.17101	-1.91755	0.921146	1.91755

1.18361	-1.90548	0.925974	1.90548

1.1962	-1.89335	0.930655	1.89335

1.20879	-1.88115	0.935188	1.88115

1.22138	-1.86888	0.939573	1.86888

1.23397	-1.85656	0.943809	1.85656

1.24656	-1.84417	0.947896	1.84417

1.25916	-1.83172	0.951832	1.83172

1.27175	-1.81922	0.955617	1.81922

1.28434	-1.80666	0.959251	1.80666

1.29693	-1.79405	0.962732	1.79405

1.30952	-1.78138	0.966061	1.78138

1.32211	-1.76867	0.969237	1.76867

1.3347	-1.75591	0.97226	1.75591

1.3473	-1.7431	0.975128	1.7431

1.35989	-1.73024	0.977841	1.73024

1.37248	-1.71735	0.9804	1.71735

1.38507	-1.70441	0.982803	1.70441

1.39766	-1.69143	0.98505	1.69143

1.41025	-1.67842	0.987141	1.67842

1.42285	-1.66537	0.989075	1.66537

1.43544	-1.65228	0.990853	1.65228

1.44803	-1.63917	0.992474	1.63917

1.46062	-1.62602	0.993937	1.62602

1.47321	-1.61284	0.995242	1.61284

1.4858	-1.59964	0.99639	1.59964

1.49839	-1.58642	0.99738	1.58642

1.51099	-1.57317	0.998212	1.57317

1.52358	-1.55989	0.998885	1.55989

1.53617	-1.5466	0.999401	1.5466

1.54876	-1.53329	0.999757	1.53329

1.56135	-1.51997	0.999955	1.51997

1.57394	-1.50663	0.999995	1.50663

1.58654	-1.49328	0.999876	1.49328

1.59913	-1.47992	0.999599	1.47992

1.61172	-1.46655	0.999163	1.46655

1.62431	-1.45317	0.998568	1.45317

1.6369	-1.43978	0.997816	1.43978

1.64949	-1.4264	0.996905	1.4264

1.66209	-1.41301	0.995836	1.41301

1.67468	-1.39962	0.994609	1.39962

1.68727	-1.38623	0.993225	1.38623

1.69986	-1.37285	0.991683	1.37285

1.71245	-1.35947	0.989984	1.35947

1.72504	-1.34609	0.988128	1.34609

1.73763	-1.33273	0.986115	1.33273

1.75023	-1.31938	0.983946	1.31938

1.76282	-1.30603	0.981621	1.30603

1.77541	-1.2927	0.97914	1.2927

1.788	-1.27939	0.976504	1.27939

1.80059	-1.26609	0.973713	1.26609

1.81318	-1.25281	0.970768	1.25281

1.82578	-1.23956	0.967669	1.23956

1.83837	-1.22632	0.964416	1.22632

1.85096	-1.2131	0.961011	1.2131

1.86355	-1.19992	0.957453	1.19992

1.87614	-1.18675	0.953743	1.18675

1.88873	-1.17362	0.949882	1.17362

1.90132	-1.16051	0.945871	1.16051

1.91392	-1.14744	0.94171	1.14744

1.92651	-1.1344	0.937399	1.1344

1.9391	-1.12139	0.93294	1.12139

1.95169	-1.10842	0.928332	1.10842

1.96428	-1.09549	0.923578	1.09549

1.97687	-1.08259	0.918677	1.08259

1.98947	-1.06974	0.913631	1.06974

2.00206	-1.05692	0.908439	1.05692

2.01465	-1.04415	0.903104	1.04415

2.02724	-1.03143	0.897626	1.03143

2.03983	-1.01875	0.892005	1.01875

2.05242	-1.00611	0.886242	1.00611

2.06501	-0.99353	0.88034	0.99353

2.07761	-0.980996	0.874297	0.980996

2.0902	-0.968514	0.868116	0.968514

2.10279	-0.956085	0.861798	0.956085

2.11538	-0.94371	0.855343	0.94371

2.12797	-0.93139	0.848752	0.93139

2.14056	-0.919127	0.842026	0.919127

2.15316	-0.906923	0.835167	0.906923

2.16575	-0.894777	0.828176	0.894777

2.17834	-0.882693	0.821053	0.882693

2.19093	-0.87067	0.813801	0.87067

2.20352	-0.858711	0.806419	0.858711

2.21611	-0.846817	0.798909	0.846817

2.22871	-0.834988	0.791273	0.834988

2.2413	-0.823226	0.783511	0.823226

2.25389	-0.811532	0.775625	0.811532

2.26648	-0.799908	0.767616	0.799908

2.27907	-0.788355	0.759485	0.788355

2.29166	-0.776874	0.751234	0.776874

2.30425	-0.765465	0.742864	0.765465

2.31685	-0.754132	0.734376	0.754132

2.32944	-0.742873	0.725772	0.742873

2.34203	-0.731692	0.717052	0.731692

2.35462	-0.720589	0.708219	0.720589

2.36721	-0.709565	0.699273	0.709565

2.3798	-0.698622	0.690217	0.698622

2.3924	-0.687761	0.681051	0.687761

2.40499	-0.676983	0.671778	0.676983

2.41758	-0.666289	0.662397	0.666289

2.43017	-0.655681	0.652912	0.655681

2.44276	-0.645161	0.643323	0.645161

2.45535	-0.634729	0.633633	0.634729

2.46794	-0.624387	0.623841	0.624387

2.48054	-0.614136	0.613951	0.614136

2.49313	-0.603979	0.603964	0.603979

2.50572	-0.593915	0.59388	0.593915

2.51831	-0.583948	0.583703	0.583948

2.5309	-0.574079	0.573433	0.574079

2.54349	-0.564309	0.563072	0.564309

2.55609	-0.554641	0.552622	0.554641

2.56868	-0.545076	0.542084	0.545076

2.58127	-0.535616	0.531461	0.535616

2.59386	-0.526263	0.520753	0.526263

2.60645	-0.517019	0.509962	0.517019

2.61904	-0.507887	0.499091	0.507887

2.63163	-0.498869	0.488141	0.498869

2.64423	-0.489968	0.477113	0.489968

2.65682	-0.481186	0.466009	0.481186

2.66941	-0.472526	0.454832	0.472526

2.682	-0.46399	0.443582	0.46399

2.69459	-0.455583	0.432262	0.455583

2.70718	-0.447307	0.420874	0.447307

2.71978	-0.439167	0.409419	0.439167

2.73237	-0.431164	0.397899	0.431164

2.74496	-0.423305	0.386316	0.423305

2.75755	-0.415592	0.374671	0.415592

2.77014	-0.408031	0.362968	0.408031

2.78273	-0.400625	0.351206	0.400625

2.79532	-0.39338	0.339389	0.39338

2.80792	-0.386301	0.327519	0.386301

2.82051	-0.379394	0.315596	0.379394

2.8331	-0.372663	0.303623	0.372663

2.84569	-0.366116	0.291602	0.366116

2.85828	-0.359759	0.279535	0.359759

2.87087	-0.353598	0.267424	0.353598

2.88347	-0.34764	0.25527	0.34764

2.89606	-0.341893	0.243076	0.341893

2.90865	-0.336363	0.230843	0.336363

2.92124	-0.331059	0.218573	0.331059

2.93383	-0.325988	0.206269	0.325988

2.94642	-0.321158	0.193932	0.321158

2.95902	-0.316578	0.181565	0.316578

2.97161	-0.312255	0.169169	0.312255

2.9842	-0.308198	0.156745	0.308198

2.99679	-0.304415	0.144297	0.304415

3.00938	-0.300913	0.131826	0.300913

3.02197	-0.297701	0.119335	0.297701

3.03456	-0.294787	0.106824	0.294787

3.04716	-0.292176	0.0942963	0.292176

3.05975	-0.289876	0.0817538	0.289876

3.07234	-0.287893	0.0691982	0.287893

3.08493	-0.286231	0.0566317	0.286231

3.09752	-0.284897	0.0440562	0.284897

3.11011	-0.283892	0.0314737	0.283892

3.12271	-0.283221	0.0188862	0.283221

3.1353	-0.282885	0.00629574	0.282885

3.14789	-0.282885	-0.00629574	0.282885

3.16048	-0.283221	-0.0188862	0.283221

3.17307	-0.283892	-0.0314737	0.283892

3.18566	-0.284897	-0.0440562	0.284897

3.19825	-0.286231	-0.0566317	0.286231

3.21085	-0.287893	-0.0691982	0.287893

3.22344	-0.289876	-0.0817538	0.289876

3.23603	-0.292176	-0.0942963	0.292176

3.24862	-0.294787	-0.106824	0.294787

3.26121	-0.297701	-0.119335	0.297701

3.2738	-0.300913	-0.131826	0.300913

3.2864	-0.304415	-0.144297	0.304415

3.29899	-0.308198	-0.156745	0.308198

3.31158	-0.312255	-0.169169	0.312255

3.32417	-0.316578	-0.181565	0.316578

3.33676	-0.321158	-0.193932	0.321158

3.34935	-0.325988	-0.206269	0.325988

3.36194	-0.331059	-0.218573	0.331059

3.37454	-0.336363	-0.230843	0.336363

3.38713	-0.341893	-0.243076	0.341893

3.39972	-0.34764	-0.25527	0.34764

3.41231	-0.353598	-0.267424	0.353598

3.4249	-0.359759	-0.279535	0.359759

3.43749	-0.366116	-0.291602	0.366116

3.45009	-0.372663	-0.303623	0.372663

3.46268	-0.379394	-0.315596	0.379394

3.47527	-0.386301	-0.327519	0.386301

3.48786	-0.39338	-0.339389	0.39338

3.50045	-0.400625	-0.351206	0.400625

3.51304	-0.408031	-0.362968	0.408031

3.52564	-0.415592	-0.374671	0.415592

3.53823	-0.423305	-0.386316	0.423305

3.55082	-0.431164	-0.397899	0.431164

3.56341	-0.439167	-0.409419	0.439167

3.576	-0.447307	-0.420874	0.447307

3.58859	-0.455583	-0.432262	0.455583

3.60118	-0.46399	-0.443582	0.46399

3.61378	-0.472526	-0.454832	0.472526

3.62637	-0.481186	-0.466009	0.481186

3.63896	-0.489968	-0.477113	0.489968

3.65155	-0.498869	-0.488141	0.498869

3.66414	-0.507887	-0.499091	0.507887

3.67673	-0.517019	-0.509962	0.517019

3.68933	-0.526263	-0.520753	0.526263

3.70192	-0.535616	-0.531461	0.535616

3.71451	-0.545076	-0.542084	0.545076

3.7271	-0.554641	-0.552622	0.554641

3.73969	-0.564309	-0.563072	0.564309

3.75228	-0.574079	-0.573433	0.574079

3.76487	-0.583948	-0.583703	0.583948

3.77747	-0.593915	-0.59388	0.593915

3.79006	-0.603979	-0.603964	0.603979

3.80265	-0.614136	-0.613951	0.614136

3.81524	-0.624387	-0.623841	0.624387

3.82783	-0.634729	-0.633633	0.634729

3.84042	-0.645161	-0.643323	0.645161

3.85302	-0.655681	-0.652912	0.655681

3.86561	-0.666289	-0.662397	0.666289

3.8782	-0.676983	-0.671778	0.676983

3.89079	-0.687761	-0.681051	0.687761

3.90338	-0.698622	-0.690217	0.698622

3.91597	-0.709565	-0.699273	0.709565

3.92856	-0.720589	-0.708219	0.720589

3.94116	-0.731692	-0.717052	0.731692

3.95375	-0.742873	-0.725772	0.742873

3.96634	-0.754132	-0.734376	0.754132

3.97893	-0.765465	-0.742864	0.765465

3.99152	-0.776874	-0.751234	0.776874

4.00411	-0.788355	-0.759485	0.788355

4.01671	-0.799908	-0.767616	0.799908

4.0293	-0.811532	-0.775625	0.811532

4.04189	-0.823226	-0.783511	0.823226

4.05448	-0.834988	-0.791273	0.834988

4.06707	-0.846817	-0.798909	0.846817

4.07966	-0.858711	-0.806419	0.858711

4.09225	-0.87067	-0.813801	0.87067

4.10485	-0.882693	-0.821053	0.882693

4.11744	-0.894777	-0.828176	0.894777

4.13003	-0.906923	-0.835167	0.906923

4.14262	-0.919127	-0.842026	0.919127

4.15521	-0.93139	-0.848752	0.93139

4.1678	-0.94371	-0.855343	0.94371

4.1804	-0.956085	-0.861798	0.956085

4.19299	-0.968514	-0.868116	0.968514

4.20558	-0.980996	-0.874297	0.980996

4.21817	-0.99353	-0.88034	0.99353

4.23076	-1.00611	-0.886242	1.00611

4.24335	-1.01875	-0.892005	1.01875

4.25595	-1.03143	-0.897626	1.03143

4.26854	-1.04415	-0.903104	1.04415

4.28113	-1.05692	-0.908439	1.05692

4.29372	-1.06974	-0.913631	1.06974

4.30631	-1.08259	-0.918677	1.08259

4.3189	-1.09549	-0.923578	1.09549

4.33149	-1.10842	-0.928332	1.10842

4.34409	-1.12139	-0.93294	1.12139

4.35668	-1.1344	-0.937399	1.1344

4.36927	-1.14744	-0.94171	1.14744

4.38186	-1.16051	-0.945871	1.16051

4.39445	-1.17362	-0.949882	1.17362

4.40704	-1.18675	-0.953743	1.18675

4.41964	-1.19992	-0.957453	1.19992

4.43223	-1.2131	-0.961011	1.2131

4.44482	-1.22632	-0.964416	1.22632

4.45741	-1.23956	-0.967669	1.23956

4.47	-1.25281	-0.970768	1.25281

4.48259	-1.26609	-0.973713	1.26609

4.49518	-1.27939	-0.976504	1.27939

4.50778	-1.2927	-0.97914	1.2927

4.52037	-1.30603	-0.981621	1.30603

4.53296	-1.31938	-0.983946	1.31938

4.54555	-1.33273	-0.986115	1.33273

4.55814	-1.34609	-0.988128	1.34609

4.57073	-1.35947	-0.989984	1.35947

4.58333	-1.37285	-0.991683	1.37285

4.59592	-1.38623	-0.993225	1.38623

4.60851	-1.39962	-0.994609	1.39962

4.6211	-1.41301	-0.995836	1.41301

4.63369	-1.4264	-0.996905	1.4264

4.64628	-1.43978	-0.997816	1.43978

4.65887	-1.45317	-0.998568	1.45317

4.67147	-1.46655	-0.999163	1.46655

4.68406	-1.47992	-0.999599	1.47992

4.69665	-1.49328	-0.999876	1.49328

4.70924	-1.50663	-0.999995	1.50663

4.72183	-1.51997	-0.999955	1.51997

4.73442	-1.53329	-0.999757	1.53329

4.74702	-1.5466	-0.999401	1.5466

4.75961	-1.55989	-0.998885	1.55989

4.7722	-1.57317	-0.998212	1.57317

4.78479	-1.58642	-0.99738	1.58642

4.79738	-1.59964	-0.99639	1.59964

4.80997	-1.61284	-0.995242	1.61284

4.82257	-1.62602	-0.993937	1.62602

4.83516	-1.63917	-0.992474	1.63917

4.84775	-1.65228	-0.990853	1.65228

4.86034	-1.66537	-0.989075	1.66537

4.87293	-1.67842	-0.987141	1.67842

4.88552	-1.69143	-0.98505	1.69143

4.89811	-1.70441	-0.982803	1.70441

4.91071	-1.71735	-0.9804	1.71735

4.9233	-1.73024	-0.977841	1.73024

4.93589	-1.7431	-0.975128	1.7431

4.94848	-1.75591	-0.97226	1.75591

4.96107	-1.76867	-0.969237	1.76867

4.97366	-1.78138	-0.966061	1.78138

4.98626	-1.79405	-0.962732	1.79405

4.99885	-1.80666	-0.959251	1.80666

5.01144	-1.81922	-0.955617	1.81922

5.02403	-1.83172	-0.951832	1.83172

5.03662	-1.84417	-0.947896	1.84417

5.04921	-1.85656	-0.943809	1.85656

5.0618	-1.86888	-0.939573	1.86888

5.0744	-1.88115	-0.935188	1.88115

5.08699	-1.89335	-0.930655	1.89335

5.09958	-1.90548	-0.925974	1.90548

5.11217	-1.91755	-0.921146	1.91755

5.12476	-1.92954	-0.916172	1.92954

5.13735	-1.94147	-0.911053	1.94147

5.14995	-1.95332	-0.90579	1.95332

5.16254	-1.9651	-0.900383	1.9651

5.17513	-1.97681	-0.894833	1.97681

5.18772	-1.98843	-0.889141	1.98843

5.20031	-1.99998	-0.883309	1.99998

5.2129	-2.01144	-0.877336	2.01144

5.22549	-2.02282	-0.871224	2.02282

5.23809	-2.03412	-0.864974	2.03412

5.25068	-2.04533	-0.858587	2.04533

5.26327	-2.05645	-0.852064	2.05645

5.27586	-2.06748	-0.845406	2.06748

5.28845	-2.07843	-0.838613	2.07843

5.30104	-2.08928	-0.831688	2.08928

5.31364	-2.10003	-0.824631	2.10003

5.32623	-2.11069	-0.817443	2.11069

5.33882	-2.12125	-0.810126	2.12125

5.35141	-2.13172	-0.80268	2.13172

5.364	-2.14208	-0.795107	2.14208

5.37659	-2.15234	-0.787407	2.15234

5.38918	-2.1625	-0.779583	2.1625

5.40178	-2.17255	-0.771636	2.17255

5.41437	-2.1825	-0.763566	2.1825

5.42696	-2.19234	-0.755375	2.19234

5.43955	-2.20207	-0.747064	2.20207

5.45214	-2.21169	-0.738635	2.21169

5.46473	-2.22119	-0.730088	2.22119

5.47733	-2.23059	-0.721426	2.23059

5.48992	-2.23987	-0.71265	2.23987

5.50251	-2.24903	-0.70376	2.24903

5.5151	-2.25807	-0.694759	2.25807

5.52769	-2.267	-0.685648	2.267

5.54028	-2.2758	-0.676428	2.2758

5.55288	-2.28449	-0.667101	2.28449

5.56547	-2.29305	-0.657668	2.29305

5.57806	-2.30148	-0.648131	2.30148

5.59065	-2.30979	-0.638491	2.30979

5.60324	-2.31798	-0.628749	2.31798

5.61583	-2.32603	-0.618909	2.32603

5.62842	-2.33396	-0.60897	2.33396

5.64102	-2.34176	-0.598934	2.34176

5.65361	-2.34942	-0.588803	2.34942

5.6662	-2.35696	-0.57858	2.35696

5.67879	-2.36436	-0.568264	2.36436

5.69138	-2.37162	-0.557858	2.37162

5.70397	-2.37875	-0.547364	2.37875

5.71657	-2.38574	-0.536783	2.38574

5.72916	-2.3926	-0.526117	2.3926

5.74175	-2.39931	-0.515368	2.39931

5.75434	-2.40589	-0.504537	2.40589

5.76693	-2.41232	-0.493626	2.41232

5.77952	-2.41861	-0.482636	2.41861

5.79211	-2.42476	-0.47157	2.42476

5.80471	-2.43077	-0.46043	2.43077

5.8173	-2.43663	-0.449216	2.43663

5.82989	-2.44234	-0.437931	2.44234

5.84248	-2.44791	-0.426577	2.44791

5.85507	-2.45333	-0.415155	2.45333

5.86766	-2.45861	-0.403667	2.45861

5.88026	-2.46373	-0.392115	2.46373

5.89285	-2.46871	-0.380501	2.46871

5.90544	-2.47353	-0.368827	2.47353

5.91803	-2.47821	-0.357094	2.47821

5.93062	-2.48273	-0.345305	2.48273

5.94321	-2.4871	-0.333461	2.4871

5.9558	-2.49131	-0.321564	2.49131

5.9684	-2.49537	-0.309616	2.49537

5.98099	-2.49928	-0.297619	2.49928

5.99358	-2.50304	-0.285574	2.50304

6.00617	-2.50663	-0.273485	2.50663

6.01876	-2.51007	-0.261352	2.51007

6.03135	-2.51336	-0.249178	2.51336

6.04395	-2.51649	-0.236964	2.51649

6.05654	-2.51946	-0.224712	2.51946

6.06913	-2.52227	-0.212425	2.52227

6.08172	-2.52492	-0.200105	2.52492

6.09431	-2.52742	-0.187752	2.52742

6.1069	-2.52975	-0.17537	2.52975

6.1195	-2.53193	-0.16296	2.53193

6.13209	-2.53395	-0.150524	2.53395

6.14468	-2.5358	-0.138065	2.5358

6.15727	-2.5375	-0.125583	2.5375

6.16986	-2.53903	-0.113082	2.53903

6.18245	-2.54041	-0.100562	2.54041

6.19504	-2.54162	-0.0880268	2.54162

6.20764	-2.54267	-0.0754775	2.54267

6.22023	-2.54356	-0.0629162	2.54356

6.23282	-2.54429	-0.0503449	2.54429

6.24541	-2.54486	-0.0377657	2.54486

6.258	-2.54526	-0.0251804	2.54526

6.27059	-2.5455	-0.0125912	2.5455

6.28319	-2.54558	-1.10502e-15	2.54558

