#1:kx	2:ky0	3:abs1	4:ang1	5:abs2	6:ang2	7:...
0	0	0.980378	0	0.792704	0	0.772823	0	0.932491	0	
0.0628319	0	0.980434	-0.060756	0.792705	-0.29696	0.773078	0.181638	0.932381	0.17637	
0.125664	0	0.980589	-0.118616	0.792686	-0.612958	0.773801	0.381028	0.93206	0.351129	
0.188496	0	0.980812	-0.171318	0.792591	-0.962696	0.774894	0.61143	0.931552	0.523445	
0.251327	0	0.981065	-0.217559	0.792377	-1.3542	0.77627	0.879349	0.930902	0.693539	
0.314159	0	0.981312	-0.256963	0.792037	-1.78901	0.777884	1.18496	0.930165	0.862377	
0.376991	0	0.981527	-0.289809	0.791607	-2.26387	0.779743	1.5241	0.929398	1.03116	
0.439823	0	0.981697	-0.316732	0.791154	-2.77287	0.781886	1.89046	0.928653	1.2009	
0.502655	0	0.981812	-0.338491	0.790761	2.97407	0.784355	2.27726	0.927964	1.37225	
0.565487	0	0.981873	-0.355825	0.790507	2.41741	0.787189	2.67814	0.927355	1.54547	
0.628319	0	0.98188	-0.369386	0.790466	1.84654	0.79041	3.08761	0.926838	1.72052	
0.69115	0	0.981837	-0.379716	0.790695	1.2668	0.794026	-2.78206	0.926414	1.89713	
0.753982	0	0.981747	-0.38725	0.79124	0.68265	0.798032	-2.36815	0.926081	2.07492	
0.816814	0	0.981614	-0.392327	0.79213	0.0977579	0.802412	-1.95673	0.925831	2.25346	
0.879646	0	0.981442	-0.395204	0.793385	-0.484926	0.807145	-1.55003	0.925654	2.43229	
0.942478	0	0.981233	-0.396073	0.795013	-1.06305	0.812204	-1.1498	0.925541	2.611	
1.00531	0	0.98099	-0.395073	0.797015	-1.63475	0.817558	-0.757367	0.92548	2.78921	
1.06814	0	0.980714	-0.392302	0.799384	-2.19859	0.823176	-0.373755	0.92546	2.96658	
1.13097	0	0.980408	-0.387825	0.802109	-2.75346	0.829027	0.000278593	0.925471	-3.14034	
1.19381	0	0.980072	-0.381679	0.805174	2.98467	0.835079	0.364167	0.925503	-2.96543	
1.25664	0	0.979708	-0.373885	0.808561	2.45005	0.841299	0.717499	0.925546	-2.79204	
1.31947	0	0.979315	-0.364449	0.812248	1.92628	0.847659	1.05998	0.925592	-2.62032	
1.3823	0	0.978896	-0.353366	0.816214	1.41369	0.854128	1.39141	0.925633	-2.45037	
1.44513	0	0.978449	-0.340626	0.820434	0.912466	0.860678	1.71166	0.92566	-2.28225	
1.50796	0	0.977977	-0.326218	0.824884	0.422722	0.867282	2.02063	0.925666	-2.11602	
1.5708	0	0.977478	-0.310131	0.829538	-0.0554705	0.873913	2.31829	0.925645	-1.9517	
1.63363	0	0.976954	-0.29236	0.83437	-0.52207	0.880545	2.60458	0.925589	-1.7893	
1.69646	0	0.976405	-0.272906	0.839351	-0.977038	0.887151	2.87949	0.925491	-1.62881	
1.75929	0	0.975834	-0.251785	0.844452	-1.42031	0.893705	-3.14021	0.925344	-1.47026	
1.82212	0	0.97524	-0.229027	0.849641	-1.8518	0.900178	-2.8882	0.925138	-1.31366	
1.88496	0	0.974627	-0.204684	0.854883	-2.2713	0.906541	-2.64777	0.924863	-1.15903	
1.94779	0	0.973997	-0.178834	0.860139	-2.67856	0.912759	-2.41905	0.924508	-1.00644	
2.01062	0	0.973353	-0.151584	0.865363	-3.07314	0.918796	-2.20224	0.924056	-0.856009	
2.07345	0	0.972701	-0.123081	0.870502	2.82875	0.92461	-1.99761	0.923487	-0.707917	
2.13628	0	0.972045	-0.0935132	0.875492	2.46156	0.93015	-1.80553	0.922775	-0.562445	
2.19911	0	0.971393	-0.0631209	0.880254	2.10964	0.935359	-1.62648	0.921883	-0.420018	
2.26195	0	0.970754	-0.0322029	0.884689	1.77452	0.940171	-1.46106	0.920761	-0.281269	
2.32478	0	0.970138	-0.00112297	0.888672	1.45826	0.944508	-1.31004	0.91934	-0.147132	
2.38761	0	0.969558	0.0296829	0.892041	1.16358	0.948284	-1.17431	0.917521	-0.0189884	
2.45044	0	0.969027	0.0597018	0.894582	0.894122	0.9514	-1.05495	0.915159	0.101112	
2.51327	0	0.968564	0.0883421	0.896008	0.65474	0.953754	-0.95317	0.912043	0.21011	
2.57611	0	0.968186	0.114935	0.895928	0.452028	0.95524	-0.870288	0.907856	0.303409	
2.63894	0	0.967913	0.138743	0.893792	0.295039	0.955761	-0.807671	0.902121	0.37406	
2.70177	0	0.967765	0.158973	0.888821	0.1964	0.955235	-0.766617	0.89412	0.41153	
2.7646	0	0.967758	0.174798	0.879919	0.173902	0.95361	-0.748197	0.882795	0.399927	
2.82743	0	0.967899	0.185387	0.865606	0.252527	0.950871	-0.753047	0.866678	0.315738	
2.89027	0	0.968176	0.189944	0.844139	0.466152	0.947047	-0.78111	0.844	0.125824	
2.9531	0	0.968542	0.187782	0.814153	0.856311	0.942203	-0.831337	0.813324	-0.211711	
3.01593	0	0.968902	0.178462	0.77619	1.46222	0.936432	-0.90136	0.775085	-0.73801	
3.07876	0	0.969115	0.162027	0.734561	2.29584	0.929859	-0.987218	0.733432	-1.46904	
3.14159	0	0.96904	0.13925	0.696851	-2.97301	0.922666	-1.08331	0.695766	-2.3642	
3.20442	0	0.968616	0.111593	0.669369	-1.88662	0.915139	-1.18288	0.668207	2.96015	
3.26726	0	0.967906	0.0807401	0.65303	-0.849098	0.907647	-1.27899	0.651515	2.0499	
3.33009	0	0.967055	0.0480573	0.644636	0.0638579	0.900553	-1.3655	0.642389	1.25643	
3.39292	0	0.9662	0.0144333	0.640571	0.833428	0.894123	-1.43758	0.637172	0.592806	
3.45575	0	0.965436	-0.0195932	0.638551	1.47458	0.888497	-1.49171	0.633596	0.0400004	
3.51858	0	0.96481	-0.0536703	0.637488	2.01245	0.883711	-1.52555	0.630631	-0.429815	
3.58142	0	0.964337	-0.0875427	0.636931	2.47048	0.879734	-1.53774	0.627905	-0.841708	
3.64425	0	0.964012	-0.121014	0.636693	2.86711	0.876501	-1.52772	0.625316	-1.21485	
3.70708	0	0.963823	-0.153931	0.636687	-3.06728	0.873939	-1.49559	0.622859	-1.56286	
3.76991	0	0.963754	-0.186173	0.636855	-2.75653	0.871971	-1.44191	0.620552	-1.8951	
3.83274	0	0.963787	-0.217643	0.637156	-2.47673	0.870528	-1.36758	0.618418	-2.21784	
3.89557	0	0.963906	-0.248259	0.637553	-2.22273	0.869549	-1.27369	0.616477	-2.53523	
3.95841	0	0.964095	-0.277948	0.638013	-1.99069	0.868981	-1.16148	0.614744	-2.84992	
4.02124	0	0.964341	-0.306644	0.638509	-1.77777	0.868775	-1.03225	0.613233	3.11964	
4.08407	0	0.96463	-0.334286	0.639018	-1.5818	0.868888	-0.887298	0.611953	2.80617	
4.1469	0	0.964952	-0.360816	0.639517	-1.40114	0.869278	-0.727909	0.610909	2.49244	
4.20973	0	0.965296	-0.386182	0.63999	-1.23453	0.869904	-0.555334	0.610106	2.17839	
4.27257	0	0.965654	-0.410337	0.640421	-1.081	0.870724	-0.370773	0.609542	1.86422	
4.3354	0	0.966016	-0.433242	0.640796	-0.939828	0.871695	-0.175367	0.609215	1.55031	
4.39823	0	0.966376	-0.454866	0.641105	-0.810457	0.87277	0.0298051	0.609118	1.23713	
4.46106	0	0.966725	-0.475183	0.64134	-0.692481	0.873899	0.243732	0.609238	0.925287	
4.52389	0	0.967058	-0.494178	0.641493	-0.585612	0.875029	0.465473	0.609562	0.615409	
4.58673	0	0.967368	-0.511843	0.641559	-0.489662	0.876103	0.694163	0.61007	0.308171	
4.64956	0	0.967648	-0.52818	0.641534	-0.404531	0.877057	0.929017	0.610738	0.00426236	
4.71239	0	0.967893	-0.543198	0.641417	-0.330198	0.877825	1.16933	0.611539	-0.295627	
4.77522	0	0.968095	-0.556914	0.641206	-0.266714	0.878337	1.4145	0.612441	-0.59082	
4.83805	0	0.968248	-0.569352	0.640901	-0.2142	0.878517	1.66402	0.613409	-0.88066	
4.90088	0	0.968346	-0.580545	0.640501	-0.172846	0.878288	1.91749	0.614401	-1.16453	
4.96372	0	0.968382	-0.590536	0.640008	-0.142911	0.877568	2.17462	0.615377	-1.44183	
5.02655	0	0.968346	-0.599374	0.639421	-0.124727	0.876277	2.43528	0.61629	-1.71205	
5.08938	0	0.968232	-0.60712	0.638737	-0.118697	0.874333	2.69944	0.617093	-1.9747	
5.15221	0	0.96803	-0.613847	0.637952	-0.125298	0.871654	2.96725	0.617735	-2.22938	
5.21504	0	0.967729	-0.619643	0.63706	-0.145078	0.868163	-3.0442	0.618167	-2.47572	
5.27788	0	0.967318	-0.624613	0.636047	-0.17865	0.863786	-2.76809	0.618338	-2.71345	
5.34071	0	0.966784	-0.628889	0.634894	-0.226681	0.858457	-2.48704	0.6182	-2.94235	
5.40354	0	0.96611	-0.632631	0.633574	-0.289864	0.852114	-2.20037	0.617705	3.12096	
5.46637	0	0.965279	-0.636044	0.632048	-0.368884	0.844703	-1.90735	0.61681	2.91027	
5.5292	0	0.964271	-0.639387	0.630266	-0.464356	0.836176	-1.60729	0.615474	2.70894	
5.59203	0	0.963062	-0.642991	0.628159	-0.576745	0.826485	-1.29967	0.613662	2.51727	
5.65487	0	0.961624	-0.647288	0.625641	-0.706247	0.815581	-0.984356	0.611341	2.33578	
5.7177	0	0.959928	-0.652835	0.622603	-0.852654	0.803399	-0.661879	0.608482	2.16534	
5.78053	0	0.957938	-0.660351	0.618914	-1.01519	0.789849	-0.333779	0.605057	2.00748	
5.84336	0	0.955622	-0.670747	0.61442	-1.1924	0.774805	-0.00302475	0.601035	1.86465	
5.90619	0	0.952946	-0.685145	0.608952	-1.38209	0.758096	0.325612	0.596379	1.74061	
5.96903	0	0.949887	-0.704852	0.602337	-1.58162	0.739517	0.645408	0.591038	1.64078	
6.03186	0	0.946438	-0.731258	0.594421	-1.78852	0.718886	0.948083	0.584954	1.57245	
6.09469	0	0.942625	-0.765604	0.585104	-2.00192	0.696139	1.22516	0.57806	1.54451	
6.15752	0	0.938512	-0.808616	0.57437	-2.22442	0.671487	1.4705	0.57031	1.56644	
6.22035	0	0.934209	-0.860072	0.562312	-2.46408	0.645541	1.68357	0.5617	1.64661	
