#1:t	2:m	3:min_gap
-1	-2	0.511997
-0.98	-2	0.510877
-0.96	-2	0.510353
-0.94	-2	0.504567
-0.92	-2	0.475263
-0.9	-2	0.446281
-0.88	-2	0.417718
-0.86	-2	0.389633
-0.84	-2	0.362121
-0.82	-2	0.3351
-0.8	-2	0.308776
-0.78	-2	0.283488
-0.76	-2	0.258863
-0.74	-2	0.235521
-0.72	-2	0.213485
-0.7	-2	0.192876
-0.68	-2	0.173972
-0.66	-2	0.157278
-0.64	-2	0.142642
-0.62	-2	0.130828
-0.6	-2	0.122104
-0.58	-2	0.117024
-0.56	-2	0.115617
-0.54	-2	0.118806
-0.52	-2	0.126762
-0.5	-2	0.139773
-0.48	-2	0.15805
-0.46	-2	0.181725
-0.44	-2	0.210767
-0.42	-2	0.245075
-0.4	-2	0.284213
-0.38	-2	0.327933
-0.36	-2	0.375809
-0.34	-2	0.427407
-0.32	-2	0.48235
-0.3	-2	0.540204
-0.28	-2	0.600656
-0.26	-2	0.66338
-0.24	-2	0.647643
-0.22	-2	0.569236
-0.2	-2	0.490609
-0.18	-2	0.411756
-0.16	-2	0.332674
-0.14	-2	0.253413
-0.12	-2	0.17402
-0.1	-2	0.0945404
-0.08	-2	0.0147207
-0.06	-2	0.0653071
-0.04	-2	0.145424
-0.02	-2	0.225531
8.88178e-16	-2	0.305807
0.02	-2	0.225531
0.04	-2	0.145424
0.06	-2	0.0653072
0.08	-2	0.0147202
0.1	-2	0.0945402
0.12	-2	0.17402
0.14	-2	0.253413
0.16	-2	0.332674
0.18	-2	0.411756
0.2	-2	0.490609
0.22	-2	0.569236
0.24	-2	0.647643
0.26	-2	0.66338
0.28	-2	0.600656
0.3	-2	0.540204
0.32	-2	0.48235
0.34	-2	0.427407
0.36	-2	0.375809
0.38	-2	0.327933
0.4	-2	0.284213
0.42	-2	0.245076
0.44	-2	0.210767
0.46	-2	0.181725
0.48	-2	0.158049
0.5	-2	0.139771
0.52	-2	0.126764
0.54	-2	0.118807
0.56	-2	0.115617
0.58	-2	0.117022
0.6	-2	0.122103
0.62	-2	0.130828
0.64	-2	0.142641
0.66	-2	0.157276
0.68	-2	0.173972
0.7	-2	0.192877
0.72	-2	0.213486
0.74	-2	0.235522
0.76	-2	0.258862
0.78	-2	0.283487
0.8	-2	0.308776
0.82	-2	0.335101
0.84	-2	0.362119
0.86	-2	0.389632
0.88	-2	0.417717
0.9	-2	0.44628
0.92	-2	0.475262
0.94	-2	0.504568
0.96	-2	0.510353
0.98	-2	0.510877

-1	-1.9	0.464647
-0.98	-1.9	0.463632
-0.96	-1.9	0.463265
-0.94	-1.9	0.449619
-0.92	-1.9	0.41958
-0.9	-1.9	0.389872
-0.88	-1.9	0.360524
-0.86	-1.9	0.331588
-0.84	-1.9	0.303161
-0.82	-1.9	0.275397
-0.8	-1.9	0.248282
-0.78	-1.9	0.221879
-0.76	-1.9	0.196512
-0.74	-1.9	0.172362
-0.72	-1.9	0.149425
-0.7	-1.9	0.127839
-0.68	-1.9	0.108014
-0.66	-1.9	0.0905918
-0.64	-1.9	0.0754464
-0.62	-1.9	0.0631655
-0.6	-1.9	0.0536378
-0.58	-1.9	0.0486232
-0.56	-1.9	0.0471972
-0.54	-1.9	0.0507885
-0.52	-1.9	0.0593505
-0.5	-1.9	0.0733687
-0.48	-1.9	0.093366
-0.46	-1.9	0.119139
-0.44	-1.9	0.15048
-0.42	-1.9	0.187333
-0.4	-1.9	0.229168
-0.38	-1.9	0.275757
-0.36	-1.9	0.326506
-0.34	-1.9	0.381005
-0.32	-1.9	0.438762
-0.3	-1.9	0.499414
-0.28	-1.9	0.5626
-0.26	-1.9	0.627912
-0.24	-1.9	0.69514
-0.22	-1.9	0.681715
-0.2	-1.9	0.602993
-0.18	-1.9	0.524092
-0.16	-1.9	0.445004
-0.14	-1.9	0.365713
-0.12	-1.9	0.286294
-0.1	-1.9	0.206793
-0.08	-1.9	0.127026
-0.06	-1.9	0.0471654
-0.04	-1.9	0.032996
-0.02	-1.9	0.112992
8.88178e-16	-1.9	0.193045
0.02	-1.9	0.112992
0.04	-1.9	0.0329964
0.06	-1.9	0.0471655
0.08	-1.9	0.127026
0.1	-1.9	0.206793
0.12	-1.9	0.286294
0.14	-1.9	0.365713
0.16	-1.9	0.445004
0.18	-1.9	0.524092
0.2	-1.9	0.602993
0.22	-1.9	0.681715
0.24	-1.9	0.69514
0.26	-1.9	0.627912
0.28	-1.9	0.5626
0.3	-1.9	0.499414
0.32	-1.9	0.438762
0.34	-1.9	0.381006
0.36	-1.9	0.326506
0.38	-1.9	0.275757
0.4	-1.9	0.229168
0.42	-1.9	0.187332
0.44	-1.9	0.150481
0.46	-1.9	0.11914
0.48	-1.9	0.0933648
0.5	-1.9	0.0733688
0.52	-1.9	0.0593528
0.54	-1.9	0.0507852
0.56	-1.9	0.0471942
0.58	-1.9	0.0486188
0.6	-1.9	0.053639
0.62	-1.9	0.0631694
0.64	-1.9	0.0754433
0.66	-1.9	0.0905943
0.68	-1.9	0.108013
0.7	-1.9	0.127841
0.72	-1.9	0.149428
0.74	-1.9	0.172364
0.76	-1.9	0.196513
0.78	-1.9	0.221878
0.8	-1.9	0.248283
0.82	-1.9	0.275396
0.84	-1.9	0.303161
0.86	-1.9	0.331589
0.88	-1.9	0.360524
0.9	-1.9	0.389873
0.92	-1.9	0.41958
0.94	-1.9	0.449619
0.96	-1.9	0.463265
0.98	-1.9	0.463632

-1	-1.8	0.419267
-0.98	-1.8	0.418353
-0.96	-1.8	0.418143
-0.94	-1.8	0.396683
-0.92	-1.8	0.365932
-0.9	-1.8	0.335361
-0.88	-1.8	0.30518
-0.86	-1.8	0.275458
-0.84	-1.8	0.246189
-0.82	-1.8	0.217323
-0.8	-1.8	0.189293
-0.78	-1.8	0.162033
-0.76	-1.8	0.135838
-0.74	-1.8	0.110452
-0.72	-1.8	0.0865209
-0.7	-1.8	0.0644571
-0.68	-1.8	0.0432827
-0.66	-1.8	0.0252244
-0.64	-1.8	0.00996522
-0.62	-1.8	0.00443581
-0.6	-1.8	0.0153742
-0.58	-1.8	0.020828
-0.56	-1.8	0.0214812
-0.54	-1.8	0.0172373
-0.52	-1.8	0.00826785
-0.5	-1.8	0.00986396
-0.48	-1.8	0.029417
-0.46	-1.8	0.057088
-0.44	-1.8	0.0909199
-0.42	-1.8	0.130447
-0.4	-1.8	0.175118
-0.38	-1.8	0.224653
-0.36	-1.8	0.278307
-0.34	-1.8	0.335653
-0.32	-1.8	0.396255
-0.3	-1.8	0.459634
-0.28	-1.8	0.525432
-0.26	-1.8	0.593293
-0.24	-1.8	0.662956
-0.22	-1.8	0.734165
-0.2	-1.8	0.717296
-0.18	-1.8	0.638331
-0.16	-1.8	0.5592
-0.14	-1.8	0.479948
-0.12	-1.8	0.400513
-0.1	-1.8	0.320951
-0.08	-1.8	0.241328
-0.06	-1.8	0.161496
-0.04	-1.8	0.0815894
-0.02	-1.8	0.00279645
8.88178e-16	-1.8	0.0784542
0.02	-1.8	0.00279941
0.04	-1.8	0.0815894
0.06	-1.8	0.161496
0.08	-1.8	0.241328
0.1	-1.8	0.320952
0.12	-1.8	0.400513
0.14	-1.8	0.479948
0.16	-1.8	0.5592
0.18	-1.8	0.638331
0.2	-1.8	0.717296
0.22	-1.8	0.734165
0.24	-1.8	0.662956
0.26	-1.8	0.593293
0.28	-1.8	0.525432
0.3	-1.8	0.459634
0.32	-1.8	0.396255
0.34	-1.8	0.335653
0.36	-1.8	0.278307
0.38	-1.8	0.224654
0.4	-1.8	0.175118
0.42	-1.8	0.130446
0.44	-1.8	0.090919
0.46	-1.8	0.0570889
0.48	-1.8	0.0294142
0.5	-1.8	0.00988216
0.52	-1.8	0.00827847
0.54	-1.8	0.0172346
0.56	-1.8	0.0214875
0.58	-1.8	0.0208183
0.6	-1.8	0.0153873
0.62	-1.8	0.00443979
0.64	-1.8	0.00998237
0.66	-1.8	0.0252315
0.68	-1.8	0.0432831
0.7	-1.8	0.0644621
0.72	-1.8	0.0865187
0.74	-1.8	0.11045
0.76	-1.8	0.135835
0.78	-1.8	0.162034
0.8	-1.8	0.189292
0.82	-1.8	0.217324
0.84	-1.8	0.246191
0.86	-1.8	0.275456
0.88	-1.8	0.305179
0.9	-1.8	0.33536
0.92	-1.8	0.36593
0.94	-1.8	0.396684
0.96	-1.8	0.418143
0.98	-1.8	0.418353

-1	-1.7	0.3759
-0.98	-1.7	0.375097
-0.96	-1.7	0.375069
-0.94	-1.7	0.345466
-0.92	-1.7	0.313883
-0.9	-1.7	0.282583
-0.88	-1.7	0.251581
-0.86	-1.7	0.220923
-0.84	-1.7	0.190715
-0.82	-1.7	0.161182
-0.8	-1.7	0.132159
-0.78	-1.7	0.10389
-0.76	-1.7	0.0764131
-0.74	-1.7	0.0501948
-0.72	-1.7	0.0251272
-0.7	-1.7	0.00410016
-0.68	-1.7	0.0203922
-0.66	-1.7	0.0400537
-0.64	-1.7	0.0567252
-0.62	-1.7	0.0707105
-0.6	-1.7	0.0809651
-0.58	-1.7	0.0872357
-0.56	-1.7	0.0884161
-0.54	-1.7	0.0842918
-0.52	-1.7	0.0740766
-0.5	-1.7	0.0574286
-0.48	-1.7	0.0342481
-0.46	-1.7	0.00526881
-0.44	-1.7	0.032148
-0.42	-1.7	0.0745609
-0.4	-1.7	0.122128
-0.38	-1.7	0.174443
-0.36	-1.7	0.231058
-0.34	-1.7	0.291294
-0.32	-1.7	0.354696
-0.3	-1.7	0.420767
-0.28	-1.7	0.489104
-0.26	-1.7	0.55946
-0.24	-1.7	0.631464
-0.22	-1.7	0.70493
-0.2	-1.7	0.742928
-0.18	-1.7	0.670056
-0.16	-1.7	0.594879
-0.14	-1.7	0.518104
-0.12	-1.7	0.440193
-0.1	-1.7	0.361509
-0.08	-1.7	0.282308
-0.06	-1.7	0.202731
-0.04	-1.7	0.122965
-0.02	-1.7	0.0429952
8.88178e-16	-1.7	0.0370083
0.02	-1.7	0.0429952
0.04	-1.7	0.122965
0.06	-1.7	0.202731
0.08	-1.7	0.282308
0.1	-1.7	0.361509
0.12	-1.7	0.440193
0.14	-1.7	0.518104
0.16	-1.7	0.594879
0.18	-1.7	0.670056
0.2	-1.7	0.742928
0.22	-1.7	0.70493
0.24	-1.7	0.631465
0.26	-1.7	0.55946
0.28	-1.7	0.489104
0.3	-1.7	0.420766
0.32	-1.7	0.354695
0.34	-1.7	0.291294
0.36	-1.7	0.231058
0.38	-1.7	0.174443
0.4	-1.7	0.122127
0.42	-1.7	0.074559
0.44	-1.7	0.0321479
0.46	-1.7	0.00525159
0.48	-1.7	0.0342455
0.5	-1.7	0.0574281
0.52	-1.7	0.0740771
0.54	-1.7	0.0842926
0.56	-1.7	0.0884164
0.58	-1.7	0.0872339
0.6	-1.7	0.0809643
0.62	-1.7	0.0707085
0.64	-1.7	0.0567271
0.66	-1.7	0.0400588
0.68	-1.7	0.0203984
0.7	-1.7	0.00406449
0.72	-1.7	0.0251295
0.74	-1.7	0.0501972
0.76	-1.7	0.0764135
0.78	-1.7	0.103888
0.8	-1.7	0.132161
0.82	-1.7	0.16118
0.84	-1.7	0.190715
0.86	-1.7	0.220924
0.88	-1.7	0.251582
0.9	-1.7	0.282584
0.92	-1.7	0.313883
0.94	-1.7	0.345466
0.96	-1.7	0.375069
0.98	-1.7	0.375097

-1	-1.6	0.334617
-0.98	-1.6	0.333924
-0.96	-1.6	0.328973
-0.94	-1.6	0.2966
-0.92	-1.6	0.264095
-0.9	-1.6	0.231897
-0.88	-1.6	0.200025
-0.86	-1.6	0.168546
-0.84	-1.6	0.137623
-0.82	-1.6	0.106915
-0.8	-1.6	0.0767533
-0.78	-1.6	0.047851
-0.76	-1.6	0.0202897
-0.74	-1.6	0.00997201
-0.72	-1.6	0.0353359
-0.7	-1.6	0.059282
-0.68	-1.6	0.0823796
-0.66	-1.6	0.102936
-0.64	-1.6	0.120826
-0.62	-1.6	0.135855
-0.6	-1.6	0.146951
-0.58	-1.6	0.153592
-0.56	-1.6	0.155137
-0.54	-1.6	0.150876
-0.52	-1.6	0.139878
-0.5	-1.6	0.12202
-0.48	-1.6	0.0969741
-0.46	-1.6	0.0647215
-0.44	-1.6	0.0257849
-0.42	-1.6	0.0200222
-0.4	-1.6	0.0699687
-0.38	-1.6	0.12546
-0.36	-1.6	0.184867
-0.34	-1.6	0.247982
-0.32	-1.6	0.314049
-0.3	-1.6	0.382735
-0.28	-1.6	0.453587
-0.26	-1.6	0.526339
-0.24	-1.6	0.6006
-0.22	-1.6	0.676224
-0.2	-1.6	0.624137
-0.18	-1.6	0.553017
-0.16	-1.6	0.478963
-0.14	-1.6	0.402858
-0.12	-1.6	0.325353
-0.1	-1.6	0.246886
-0.08	-1.6	0.167785
-0.06	-1.6	0.0882071
-0.04	-1.6	0.00840188
-0.02	-1.6	0.0718005
8.88178e-16	-1.6	0.151965
0.02	-1.6	0.0718004
0.04	-1.6	0.00840243
0.06	-1.6	0.088207
0.08	-1.6	0.167785
0.1	-1.6	0.246886
0.12	-1.6	0.325353
0.14	-1.6	0.402858
0.16	-1.6	0.478963
0.18	-1.6	0.553017
0.2	-1.6	0.624137
0.22	-1.6	0.676224
0.24	-1.6	0.6006
0.26	-1.6	0.526339
0.28	-1.6	0.453587
0.3	-1.6	0.382735
0.32	-1.6	0.314049
0.34	-1.6	0.247983
0.36	-1.6	0.184867
0.38	-1.6	0.125461
0.4	-1.6	0.0699699
0.42	-1.6	0.0200297
0.44	-1.6	0.0257862
0.46	-1.6	0.0647225
0.48	-1.6	0.0969728
0.5	-1.6	0.122021
0.52	-1.6	0.139878
0.54	-1.6	0.150875
0.56	-1.6	0.155137
0.58	-1.6	0.153592
0.6	-1.6	0.146952
0.62	-1.6	0.135853
0.64	-1.6	0.120827
0.66	-1.6	0.102934
0.68	-1.6	0.0823763
0.7	-1.6	0.059284
0.72	-1.6	0.0353275
0.74	-1.6	0.00994984
0.76	-1.6	0.0202747
0.78	-1.6	0.0478569
0.8	-1.6	0.0767521
0.82	-1.6	0.106918
0.84	-1.6	0.13762
0.86	-1.6	0.168545
0.88	-1.6	0.200024
0.9	-1.6	0.231895
0.92	-1.6	0.264093
0.94	-1.6	0.296601
0.96	-1.6	0.328974
0.98	-1.6	0.333924

-1	-1.5	0.295467
-0.98	-1.5	0.294896
-0.96	-1.5	0.282724
-0.94	-1.5	0.249412
-0.92	-1.5	0.216366
-0.9	-1.5	0.183547
-0.88	-1.5	0.150927
-0.86	-1.5	0.11849
-0.84	-1.5	0.0862676
-0.82	-1.5	0.0544782
-0.8	-1.5	0.0247287
-0.78	-1.5	0.00695491
-0.76	-1.5	0.0368685
-0.74	-1.5	0.0653329
-0.72	-1.5	0.0924383
-0.7	-1.5	0.118336
-0.68	-1.5	0.142368
-0.66	-1.5	0.164296
-0.64	-1.5	0.183676
-0.62	-1.5	0.199723
-0.6	-1.5	0.211762
-0.58	-1.5	0.219233
-0.56	-1.5	0.221167
-0.54	-1.5	0.216715
-0.52	-1.5	0.205172
-0.5	-1.5	0.186057
-0.48	-1.5	0.15911
-0.46	-1.5	0.124607
-0.44	-1.5	0.0828537
-0.42	-1.5	0.034868
-0.4	-1.5	0.0190648
-0.38	-1.5	0.0771741
-0.36	-1.5	0.139765
-0.34	-1.5	0.205591
-0.32	-1.5	0.274321
-0.3	-1.5	0.345542
-0.28	-1.5	0.418821
-0.26	-1.5	0.493827
-0.24	-1.5	0.570298
-0.22	-1.5	0.576438
-0.2	-1.5	0.511853
-0.18	-1.5	0.441824
-0.16	-1.5	0.368204
-0.14	-1.5	0.292209
-0.12	-1.5	0.214611
-0.1	-1.5	0.135919
-0.08	-1.5	0.0565015
-0.06	-1.5	0.0235254
-0.04	-1.5	0.103872
-0.02	-1.5	0.184335
8.88178e-16	-1.5	0.264967
0.02	-1.5	0.184335
0.04	-1.5	0.103872
0.06	-1.5	0.0235253
0.08	-1.5	0.0565014
0.1	-1.5	0.135919
0.12	-1.5	0.214611
0.14	-1.5	0.292209
0.16	-1.5	0.368204
0.18	-1.5	0.441825
0.2	-1.5	0.511853
0.22	-1.5	0.576438
0.24	-1.5	0.570299
0.26	-1.5	0.493827
0.28	-1.5	0.418821
0.3	-1.5	0.345542
0.32	-1.5	0.274321
0.34	-1.5	0.205591
0.36	-1.5	0.139766
0.38	-1.5	0.0771735
0.4	-1.5	0.0190597
0.42	-1.5	0.0348692
0.44	-1.5	0.082854
0.46	-1.5	0.124606
0.48	-1.5	0.159111
0.5	-1.5	0.186056
0.52	-1.5	0.205172
0.54	-1.5	0.216715
0.56	-1.5	0.221166
0.58	-1.5	0.219234
0.6	-1.5	0.211762
0.62	-1.5	0.199722
0.64	-1.5	0.183677
0.66	-1.5	0.164295
0.68	-1.5	0.142368
0.7	-1.5	0.118335
0.72	-1.5	0.0924397
0.74	-1.5	0.0653368
0.76	-1.5	0.0368747
0.78	-1.5	0.00695891
0.8	-1.5	0.0247142
0.82	-1.5	0.0544783
0.84	-1.5	0.0862709
0.86	-1.5	0.118494
0.88	-1.5	0.15093
0.9	-1.5	0.18355
0.92	-1.5	0.216368
0.94	-1.5	0.249413
0.96	-1.5	0.282723
0.98	-1.5	0.294896

-1	-1.4	0.258539
-0.98	-1.4	0.258082
-0.96	-1.4	0.239007
-0.94	-1.4	0.204717
-0.92	-1.4	0.170723
-0.9	-1.4	0.136987
-0.88	-1.4	0.103469
-0.86	-1.4	0.0701432
-0.84	-1.4	0.0370353
-0.82	-1.4	0.00601938
-0.8	-1.4	0.0287192
-0.78	-1.4	0.0592122
-0.76	-1.4	0.0898647
-0.74	-1.4	0.119648
-0.72	-1.4	0.148241
-0.7	-1.4	0.175618
-0.68	-1.4	0.200968
-0.66	-1.4	0.224328
-0.64	-1.4	0.244866
-0.62	-1.4	0.262244
-0.6	-1.4	0.275538
-0.58	-1.4	0.283956
-0.56	-1.4	0.286447
-0.54	-1.4	0.282115
-0.52	-1.4	0.269951
-0.5	-1.4	0.249499
-0.48	-1.4	0.22061
-0.46	-1.4	0.183621
-0.44	-1.4	0.139138
-0.42	-1.4	0.0881893
-0.4	-1.4	0.0314595
-0.38	-1.4	0.0300031
-0.36	-1.4	0.0954313
-0.34	-1.4	0.164052
-0.32	-1.4	0.235455
-0.3	-1.4	0.309128
-0.28	-1.4	0.384745
-0.26	-1.4	0.461909
-0.24	-1.4	0.526393
-0.22	-1.4	0.473657
-0.2	-1.4	0.409728
-0.18	-1.4	0.339339
-0.16	-1.4	0.265092
-0.14	-1.4	0.188391
-0.12	-1.4	0.110041
-0.1	-1.4	0.0307678
-0.08	-1.4	0.0497097
-0.06	-1.4	0.130512
-0.04	-1.4	0.211573
-0.02	-1.4	0.292914
8.88178e-16	-1.4	0.374363
0.02	-1.4	0.292914
0.04	-1.4	0.211573
0.06	-1.4	0.130512
0.08	-1.4	0.0497098
0.1	-1.4	0.0307681
0.12	-1.4	0.110041
0.14	-1.4	0.188391
0.16	-1.4	0.265092
0.18	-1.4	0.339339
0.2	-1.4	0.409728
0.22	-1.4	0.473657
0.24	-1.4	0.526393
0.26	-1.4	0.461908
0.28	-1.4	0.384746
0.3	-1.4	0.309128
0.32	-1.4	0.235455
0.34	-1.4	0.164051
0.36	-1.4	0.09543
0.38	-1.4	0.0300045
0.4	-1.4	0.0314605
0.42	-1.4	0.088188
0.44	-1.4	0.139138
0.46	-1.4	0.183621
0.48	-1.4	0.22061
0.5	-1.4	0.249499
0.52	-1.4	0.26995
0.54	-1.4	0.282116
0.56	-1.4	0.286446
0.58	-1.4	0.283956
0.6	-1.4	0.275538
0.62	-1.4	0.262243
0.64	-1.4	0.244866
0.66	-1.4	0.224329
0.68	-1.4	0.200967
0.7	-1.4	0.17562
0.72	-1.4	0.148241
0.74	-1.4	0.119649
0.76	-1.4	0.0898655
0.78	-1.4	0.05921
0.8	-1.4	0.0287314
0.82	-1.4	0.00598774
0.84	-1.4	0.0370368
0.86	-1.4	0.0701463
0.88	-1.4	0.103472
0.9	-1.4	0.136988
0.92	-1.4	0.170724
0.94	-1.4	0.204716
0.96	-1.4	0.239004
0.98	-1.4	0.258081

-1	-1.3	0.223837
-0.98	-1.3	0.22349
-0.96	-1.3	0.197223
-0.94	-1.3	0.162662
-0.92	-1.3	0.127675
-0.9	-1.3	0.0929785
-0.88	-1.3	0.0585335
-0.86	-1.3	0.0243027
-0.84	-1.3	0.00980831
-0.82	-1.3	0.0437333
-0.8	-1.3	0.0766527
-0.78	-1.3	0.109115
-0.76	-1.3	0.140934
-0.74	-1.3	0.171978
-0.72	-1.3	0.201935
-0.7	-1.3	0.230624
-0.68	-1.3	0.257565
-0.66	-1.3	0.282316
-0.64	-1.3	0.30455
-0.62	-1.3	0.323346
-0.6	-1.3	0.338068
-0.58	-1.3	0.347688
-0.56	-1.3	0.350942
-0.54	-1.3	0.346799
-0.52	-1.3	0.334217
-0.5	-1.3	0.312489
-0.48	-1.3	0.281624
-0.46	-1.3	0.242021
-0.44	-1.3	0.194674
-0.42	-1.3	0.140472
-0.4	-1.3	0.0807858
-0.38	-1.3	0.0165506
-0.36	-1.3	0.0520726
-0.34	-1.3	0.123406
-0.32	-1.3	0.197395
-0.3	-1.3	0.273435
-0.28	-1.3	0.351299
-0.26	-1.3	0.430519
-0.24	-1.3	0.440443
-0.22	-1.3	0.386308
-0.2	-1.3	0.319602
-0.18	-1.3	0.247051
-0.16	-1.3	0.171038
-0.14	-1.3	0.092815
-0.12	-1.3	0.0133238
-0.1	-1.3	0.0677118
-0.08	-1.3	0.149177
-0.06	-1.3	0.231174
-0.04	-1.3	0.313457
-0.02	-1.3	0.395956
8.88178e-16	-1.3	0.478576
0.02	-1.3	0.395956
0.04	-1.3	0.313457
0.06	-1.3	0.231174
0.08	-1.3	0.149177
0.1	-1.3	0.0677118
0.12	-1.3	0.0133232
0.14	-1.3	0.0928149
0.16	-1.3	0.171038
0.18	-1.3	0.247051
0.2	-1.3	0.319602
0.22	-1.3	0.386308
0.24	-1.3	0.440443
0.26	-1.3	0.430519
0.28	-1.3	0.3513
0.3	-1.3	0.273436
0.32	-1.3	0.197396
0.34	-1.3	0.123405
0.36	-1.3	0.052071
0.38	-1.3	0.0165561
0.4	-1.3	0.0807871
0.42	-1.3	0.140472
0.44	-1.3	0.194673
0.46	-1.3	0.242021
0.48	-1.3	0.281624
0.5	-1.3	0.31249
0.52	-1.3	0.334217
0.54	-1.3	0.346799
0.56	-1.3	0.350942
0.58	-1.3	0.347687
0.6	-1.3	0.338068
0.62	-1.3	0.323346
0.64	-1.3	0.304551
0.66	-1.3	0.282317
0.68	-1.3	0.257564
0.7	-1.3	0.230625
0.72	-1.3	0.201935
0.74	-1.3	0.171978
0.76	-1.3	0.140934
0.78	-1.3	0.109113
0.8	-1.3	0.0766562
0.82	-1.3	0.0437266
0.84	-1.3	0.00980024
0.86	-1.3	0.0243042
0.88	-1.3	0.0585344
0.9	-1.3	0.092978
0.92	-1.3	0.127673
0.94	-1.3	0.162658
0.96	-1.3	0.197225
0.98	-1.3	0.22349

-1	-1.2	0.191478
-0.98	-1.2	0.191245
-0.96	-1.2	0.157988
-0.94	-1.2	0.122718
-0.92	-1.2	0.0874129
-0.9	-1.2	0.0517091
-0.88	-1.2	0.0163111
-0.86	-1.2	0.0189367
-0.84	-1.2	0.0538866
-0.82	-1.2	0.0886872
-0.8	-1.2	0.122823
-0.78	-1.2	0.156456
-0.76	-1.2	0.189555
-0.74	-1.2	0.221911
-0.72	-1.2	0.253237
-0.7	-1.2	0.283438
-0.68	-1.2	0.311883
-0.66	-1.2	0.338326
-0.64	-1.2	0.362233
-0.62	-1.2	0.382778
-0.6	-1.2	0.399174
-0.58	-1.2	0.410217
-0.56	-1.2	0.414586
-0.54	-1.2	0.410898
-0.52	-1.2	0.397976
-0.5	-1.2	0.375009
-0.48	-1.2	0.342028
-0.46	-1.2	0.299754
-0.44	-1.2	0.249256
-0.42	-1.2	0.191961
-0.4	-1.2	0.129095
-0.38	-1.2	0.0616395
-0.36	-1.2	0.00995138
-0.34	-1.2	0.0836123
-0.32	-1.2	0.160083
-0.3	-1.2	0.238404
-0.28	-1.2	0.318385
-0.26	-1.2	0.385298
-0.24	-1.2	0.375197
-0.22	-1.2	0.311771
-0.2	-1.2	0.240364
-0.18	-1.2	0.164609
-0.16	-1.2	0.0862334
-0.14	-1.2	0.00592887
-0.12	-1.2	0.0757692
-0.1	-1.2	0.158112
-0.08	-1.2	0.241169
-0.06	-1.2	0.324609
-0.04	-1.2	0.408369
-0.02	-1.2	0.492286
8.88178e-16	-1.2	0.576285
0.02	-1.2	0.492286
0.04	-1.2	0.408369
0.06	-1.2	0.324609
0.08	-1.2	0.241169
0.1	-1.2	0.158112
0.12	-1.2	0.0757693
0.14	-1.2	0.00592936
0.16	-1.2	0.0862333
0.18	-1.2	0.164609
0.2	-1.2	0.240364
0.22	-1.2	0.311771
0.24	-1.2	0.375197
0.26	-1.2	0.385298
0.28	-1.2	0.318384
0.3	-1.2	0.238405
0.32	-1.2	0.160084
0.34	-1.2	0.0836115
0.36	-1.2	0.00994309
0.38	-1.2	0.061641
0.4	-1.2	0.129096
0.42	-1.2	0.191962
0.44	-1.2	0.249256
0.46	-1.2	0.299753
0.48	-1.2	0.342028
0.5	-1.2	0.37501
0.52	-1.2	0.397976
0.54	-1.2	0.410898
0.56	-1.2	0.414586
0.58	-1.2	0.410216
0.6	-1.2	0.399173
0.62	-1.2	0.382778
0.64	-1.2	0.362233
0.66	-1.2	0.338326
0.68	-1.2	0.311883
0.7	-1.2	0.283439
0.72	-1.2	0.253237
0.74	-1.2	0.221912
0.76	-1.2	0.189556
0.78	-1.2	0.156455
0.8	-1.2	0.122825
0.82	-1.2	0.0886837
0.84	-1.2	0.0538841
0.86	-1.2	0.0189339
0.88	-1.2	0.016306
0.9	-1.2	0.0517047
0.92	-1.2	0.0874073
0.94	-1.2	0.122721
0.96	-1.2	0.157988
0.98	-1.2	0.191245

-1	-1.1	0.161481
-0.98	-1.1	0.157975
-0.96	-1.1	0.121517
-0.94	-1.1	0.0852938
-0.92	-1.1	0.0502158
-0.9	-1.1	0.0142016
-0.88	-1.1	0.0235579
-0.86	-1.1	0.0594363
-0.84	-1.1	0.0952986
-0.82	-1.1	0.130999
-0.8	-1.1	0.166428
-0.78	-1.1	0.201111
-0.76	-1.1	0.235548
-0.74	-1.1	0.269259
-0.72	-1.1	0.301974
-0.7	-1.1	0.33359
-0.68	-1.1	0.36374
-0.66	-1.1	0.392036
-0.64	-1.1	0.417785
-0.62	-1.1	0.440283
-0.6	-1.1	0.458618
-0.58	-1.1	0.471404
-0.56	-1.1	0.477225
-0.54	-1.1	0.474313
-0.52	-1.1	0.461235
-0.5	-1.1	0.437069
-0.48	-1.1	0.401922
-0.46	-1.1	0.356761
-0.44	-1.1	0.303096
-0.42	-1.1	0.242513
-0.4	-1.1	0.17642
-0.38	-1.1	0.10594
-0.36	-1.1	0.032299
-0.34	-1.1	0.0446839
-0.32	-1.1	0.123459
-0.3	-1.1	0.203972
-0.28	-1.1	0.285956
-0.26	-1.1	0.320313
-0.24	-1.1	0.317039
-0.22	-1.1	0.245927
-0.2	-1.1	0.169847
-0.18	-1.1	0.090808
-0.16	-1.1	0.00959854
-0.14	-1.1	0.0729525
-0.12	-1.1	0.156513
-0.1	-1.1	0.240729
-0.08	-1.1	0.32545
-0.06	-1.1	0.410548
-0.04	-1.1	0.49588
-0.02	-1.1	0.581339
8.88178e-16	-1.1	0.666864
0.02	-1.1	0.581339
0.04	-1.1	0.49588
0.06	-1.1	0.410548
0.08	-1.1	0.32545
0.1	-1.1	0.240729
0.12	-1.1	0.156513
0.14	-1.1	0.0729526
0.16	-1.1	0.00959836
0.18	-1.1	0.0908079
0.2	-1.1	0.169847
0.22	-1.1	0.245927
0.24	-1.1	0.317039
0.26	-1.1	0.320313
0.28	-1.1	0.285955
0.3	-1.1	0.203973
0.32	-1.1	0.12346
0.34	-1.1	0.0446818
0.36	-1.1	0.0322953
0.38	-1.1	0.10594
0.4	-1.1	0.176421
0.42	-1.1	0.242514
0.44	-1.1	0.303096
0.46	-1.1	0.356761
0.48	-1.1	0.401922
0.5	-1.1	0.437069
0.52	-1.1	0.461235
0.54	-1.1	0.474313
0.56	-1.1	0.477226
0.58	-1.1	0.471404
0.6	-1.1	0.458619
0.62	-1.1	0.440283
0.64	-1.1	0.417785
0.66	-1.1	0.392035
0.68	-1.1	0.363739
0.7	-1.1	0.333589
0.72	-1.1	0.301975
0.74	-1.1	0.26926
0.76	-1.1	0.235549
0.78	-1.1	0.201111
0.8	-1.1	0.16643
0.82	-1.1	0.130997
0.84	-1.1	0.0952976
0.86	-1.1	0.0594353
0.88	-1.1	0.0235521
0.9	-1.1	0.0141784
0.92	-1.1	0.050228
0.94	-1.1	0.0852966
0.96	-1.1	0.121515
0.98	-1.1	0.157978

-1	-1	0.13389
-0.98	-1	0.124566
-0.96	-1	0.0879613
-0.94	-1	0.0506798
-0.92	-1	0.0167155
-0.9	-1	0.0242768
-0.88	-1	0.0602656
-0.86	-1	0.0971058
-0.84	-1	0.133882
-0.82	-1	0.170498
-0.8	-1	0.206953
-0.78	-1	0.24296
-0.76	-1	0.278566
-0.74	-1	0.313538
-0.72	-1	0.347798
-0.7	-1	0.381047
-0.68	-1	0.412977
-0.66	-1	0.443057
-0.64	-1	0.470864
-0.62	-1	0.495582
-0.6	-1	0.516106
-0.58	-1	0.531072
-0.56	-1	0.538722
-0.54	-1	0.536981
-0.52	-1	0.501337
-0.5	-1	0.456053
-0.48	-1	0.411484
-0.46	-1	0.368104
-0.44	-1	0.326431
-0.42	-1	0.287442
-0.4	-1	0.222812
-0.38	-1	0.149388
-0.36	-1	0.0729877
-0.34	-1	0.00810894
-0.32	-1	0.0874617
-0.3	-1	0.170076
-0.28	-1	0.230395
-0.26	-1	0.26565
-0.24	-1	0.26331
-0.22	-1	0.186377
-0.2	-1	0.106295
-0.18	-1	0.0244388
-0.16	-1	0.0598601
-0.14	-1	0.144405
-0.12	-1	0.2299
-0.1	-1	0.315952
-0.08	-1	0.402396
-0.06	-1	0.489135
-0.04	-1	0.576032
-0.02	-1	0.663055
8.88178e-16	-1	0.750107
0.02	-1	0.663054
0.04	-1	0.576032
0.06	-1	0.489135
0.08	-1	0.402396
0.1	-1	0.315952
0.12	-1	0.2299
0.14	-1	0.144405
0.16	-1	0.0598598
0.18	-1	0.0244382
0.2	-1	0.106295
0.22	-1	0.186377
0.24	-1	0.26331
0.26	-1	0.26565
0.28	-1	0.230395
0.3	-1	0.170077
0.32	-1	0.0874629
0.34	-1	0.0080902
0.36	-1	0.07299
0.38	-1	0.149388
0.4	-1	0.222812
0.42	-1	0.287441
0.44	-1	0.326431
0.46	-1	0.368105
0.48	-1	0.411484
0.5	-1	0.456053
0.52	-1	0.501337
0.54	-1	0.536981
0.56	-1	0.538722
0.58	-1	0.531072
0.6	-1	0.516106
0.62	-1	0.495582
0.64	-1	0.470865
0.66	-1	0.443057
0.68	-1	0.412977
0.7	-1	0.381048
0.72	-1	0.347797
0.74	-1	0.313538
0.76	-1	0.278566
0.78	-1	0.242961
0.8	-1	0.206951
0.82	-1	0.170497
0.84	-1	0.133882
0.86	-1	0.0971059
0.88	-1	0.0602637
0.9	-1	0.0242619
0.92	-1	0.0167465
0.94	-1	0.0506816
0.96	-1	0.087956
0.98	-1	0.124569

-1	-0.9	0.108785
-0.98	-0.9	0.0940402
-0.96	-0.9	0.0575601
-0.94	-0.9	0.0189711
-0.92	-0.9	0.0208054
-0.9	-0.9	0.056704
-0.88	-0.9	0.0940877
-0.86	-0.9	0.131838
-0.84	-0.9	0.169525
-0.82	-0.9	0.207061
-0.8	-0.9	0.24443
-0.78	-0.9	0.281649
-0.76	-0.9	0.318438
-0.74	-0.9	0.354858
-0.72	-0.9	0.390557
-0.7	-0.9	0.425346
-0.68	-0.9	0.45906
-0.66	-0.9	0.491156
-0.64	-0.9	0.52115
-0.62	-0.9	0.548244
-0.6	-0.9	0.526419
-0.58	-0.9	0.480594
-0.56	-0.9	0.434741
-0.54	-0.9	0.38897
-0.52	-0.9	0.343468
-0.5	-0.9	0.298561
-0.48	-0.9	0.254629
-0.46	-0.9	0.212301
-0.44	-0.9	0.172455
-0.42	-0.9	0.136542
-0.4	-0.9	0.106677
-0.38	-0.9	0.0856053
-0.36	-0.9	0.0763098
-0.34	-0.9	0.0315152
-0.32	-0.9	0.0520457
-0.3	-0.9	0.12935
-0.28	-0.9	0.170031
-0.26	-0.9	0.218805
-0.24	-0.9	0.21325
-0.22	-0.9	0.131861
-0.2	-0.9	0.0483716
-0.18	-0.9	0.0365927
-0.16	-0.9	0.122683
-0.14	-0.9	0.209384
-0.12	-0.9	0.296731
-0.1	-0.9	0.384446
-0.08	-0.9	0.472515
-0.06	-0.9	0.560757
-0.04	-0.9	0.649163
-0.02	-0.9	0.737666
8.88178e-16	-0.9	0.826204
0.02	-0.9	0.737666
0.04	-0.9	0.649163
0.06	-0.9	0.560757
0.08	-0.9	0.472515
0.1	-0.9	0.384446
0.12	-0.9	0.296731
0.14	-0.9	0.209384
0.16	-0.9	0.122683
0.18	-0.9	0.0365927
0.2	-0.9	0.0483717
0.22	-0.9	0.131861
0.24	-0.9	0.21325
0.26	-0.9	0.218805
0.28	-0.9	0.17003
0.3	-0.9	0.129351
0.32	-0.9	0.0520463
0.34	-0.9	0.0315196
0.36	-0.9	0.076309
0.38	-0.9	0.0856047
0.4	-0.9	0.106677
0.42	-0.9	0.136541
0.44	-0.9	0.172455
0.46	-0.9	0.212301
0.48	-0.9	0.254629
0.5	-0.9	0.298561
0.52	-0.9	0.343467
0.54	-0.9	0.388969
0.56	-0.9	0.434741
0.58	-0.9	0.480593
0.6	-0.9	0.526419
0.62	-0.9	0.548244
0.64	-0.9	0.52115
0.66	-0.9	0.491156
0.68	-0.9	0.45906
0.7	-0.9	0.425346
0.72	-0.9	0.390557
0.74	-0.9	0.354859
0.76	-0.9	0.318438
0.78	-0.9	0.281648
0.8	-0.9	0.244431
0.82	-0.9	0.207061
0.84	-0.9	0.169527
0.86	-0.9	0.131839
0.88	-0.9	0.0940875
0.9	-0.9	0.0566983
0.92	-0.9	0.0208292
0.94	-0.9	0.0189715
0.96	-0.9	0.0575495
0.98	-0.9	0.0940411

-1	-0.8	0.0862078
-0.98	-0.8	0.0664916
-0.96	-0.8	0.0308597
-0.94	-0.8	0.00974996
-0.92	-0.8	0.0490457
-0.9	-0.8	0.0865047
-0.88	-0.8	0.124885
-0.86	-0.8	0.163531
-0.84	-0.8	0.195735
-0.82	-0.8	0.227395
-0.8	-0.8	0.261747
-0.78	-0.8	0.298318
-0.76	-0.8	0.336823
-0.74	-0.8	0.376995
-0.72	-0.8	0.41858
-0.7	-0.8	0.461416
-0.68	-0.8	0.501806
-0.66	-0.8	0.505303
-0.64	-0.8	0.460042
-0.62	-0.8	0.414435
-0.6	-0.8	0.368691
-0.58	-0.8	0.322855
-0.56	-0.8	0.277007
-0.54	-0.8	0.23132
-0.52	-0.8	0.186051
-0.5	-0.8	0.14151
-0.48	-0.8	0.0982169
-0.46	-0.8	0.057272
-0.44	-0.8	0.0196677
-0.42	-0.8	0.0119808
-0.4	-0.8	0.0342529
-0.38	-0.8	0.0433477
-0.36	-0.8	0.0367932
-0.34	-0.8	0.0154377
-0.32	-0.8	0.0173776
-0.3	-0.8	0.0652678
-0.28	-0.8	0.118786
-0.26	-0.8	0.178599
-0.24	-0.8	0.166413
-0.22	-0.8	0.0815937
-0.2	-0.8	0.0071288
-0.18	-0.8	0.0920627
-0.16	-0.8	0.180113
-0.14	-0.8	0.268648
-0.12	-0.8	0.3576
-0.1	-0.8	0.446904
-0.08	-0.8	0.536389
-0.06	-0.8	0.626043
-0.04	-0.8	0.715815
-0.02	-0.8	0.805661
8.88178e-16	-0.8	0.895548
0.02	-0.8	0.805661
0.04	-0.8	0.715815
0.06	-0.8	0.626043
0.08	-0.8	0.536389
0.1	-0.8	0.446904
0.12	-0.8	0.3576
0.14	-0.8	0.268648
0.16	-0.8	0.180113
0.18	-0.8	0.0920627
0.2	-0.8	0.0071315
0.22	-0.8	0.0815935
0.24	-0.8	0.166413
0.26	-0.8	0.1786
0.28	-0.8	0.118787
0.3	-0.8	0.0652685
0.32	-0.8	0.0173736
0.34	-0.8	0.0154335
0.36	-0.8	0.0367927
0.38	-0.8	0.043349
0.4	-0.8	0.0342545
0.42	-0.8	0.0119785
0.44	-0.8	0.0196669
0.46	-0.8	0.0572735
0.48	-0.8	0.0982172
0.5	-0.8	0.141509
0.52	-0.8	0.18605
0.54	-0.8	0.23132
0.56	-0.8	0.277007
0.58	-0.8	0.322855
0.6	-0.8	0.368691
0.62	-0.8	0.414435
0.64	-0.8	0.460041
0.66	-0.8	0.505303
0.68	-0.8	0.501807
0.7	-0.8	0.461416
0.72	-0.8	0.41858
0.74	-0.8	0.376995
0.76	-0.8	0.336823
0.78	-0.8	0.298318
0.8	-0.8	0.261747
0.82	-0.8	0.227395
0.84	-0.8	0.195735
0.86	-0.8	0.163534
0.88	-0.8	0.124886
0.9	-0.8	0.0865022
0.92	-0.8	0.0490566
0.94	-0.8	0.00974839
0.96	-0.8	0.0308819
0.98	-0.8	0.0664906

-1	-0.7	0.0661546
-0.98	-0.7	0.042029
-0.96	-0.7	0.011804
-0.94	-0.7	0.0353842
-0.92	-0.7	0.0751057
-0.9	-0.7	0.109065
-0.88	-0.7	0.132524
-0.86	-0.7	0.160188
-0.84	-0.7	0.191324
-0.82	-0.7	0.225345
-0.8	-0.7	0.26174
-0.78	-0.7	0.300122
-0.76	-0.7	0.34014
-0.74	-0.7	0.381599
-0.72	-0.7	0.424283
-0.7	-0.7	0.438319
-0.68	-0.7	0.393478
-0.66	-0.7	0.348453
-0.64	-0.7	0.303039
-0.62	-0.7	0.257429
-0.6	-0.7	0.21167
-0.58	-0.7	0.165787
-0.56	-0.7	0.119899
-0.54	-0.7	0.0743954
-0.52	-0.7	0.0294537
-0.5	-0.7	0.0152341
-0.48	-0.7	0.0578633
-0.46	-0.7	0.0973034
-0.44	-0.7	0.131379
-0.42	-0.7	0.156234
-0.4	-0.7	0.166786
-0.38	-0.7	0.159684
-0.36	-0.7	0.135213
-0.34	-0.7	0.0964591
-0.32	-0.7	0.0182095
-0.3	-0.7	0.0122152
-0.28	-0.7	0.0753469
-0.26	-0.7	0.144205
-0.24	-0.7	0.122284
-0.22	-0.7	0.0346746
-0.2	-0.7	0.054047
-0.18	-0.7	0.143081
-0.16	-0.7	0.232804
-0.14	-0.7	0.322948
-0.12	-0.7	0.413292
-0.1	-0.7	0.503934
-0.08	-0.7	0.594695
-0.06	-0.7	0.685578
-0.04	-0.7	0.776551
-0.02	-0.7	0.867581
8.88178e-16	-0.7	0.958634
0.02	-0.7	0.867581
0.04	-0.7	0.776551
0.06	-0.7	0.685578
0.08	-0.7	0.594695
0.1	-0.7	0.503934
0.12	-0.7	0.413292
0.14	-0.7	0.322948
0.16	-0.7	0.232804
0.18	-0.7	0.143082
0.2	-0.7	0.0540473
0.22	-0.7	0.0346747
0.24	-0.7	0.122284
0.26	-0.7	0.144204
0.28	-0.7	0.0753469
0.3	-0.7	0.0122242
0.32	-0.7	0.0182202
0.34	-0.7	0.0964588
0.36	-0.7	0.135213
0.38	-0.7	0.159684
0.4	-0.7	0.166786
0.42	-0.7	0.156234
0.44	-0.7	0.131379
0.46	-0.7	0.0973039
0.48	-0.7	0.057862
0.5	-0.7	0.0152358
0.52	-0.7	0.0294497
0.54	-0.7	0.0743937
0.56	-0.7	0.119899
0.58	-0.7	0.165787
0.6	-0.7	0.21167
0.62	-0.7	0.257429
0.64	-0.7	0.303039
0.66	-0.7	0.348453
0.68	-0.7	0.393478
0.7	-0.7	0.438319
0.72	-0.7	0.424283
0.74	-0.7	0.381599
0.76	-0.7	0.34014
0.78	-0.7	0.300122
0.8	-0.7	0.26174
0.82	-0.7	0.225345
0.84	-0.7	0.191324
0.86	-0.7	0.160188
0.88	-0.7	0.132524
0.9	-0.7	0.109065
0.92	-0.7	0.0750976
0.94	-0.7	0.0353846
0.96	-0.7	0.0118586
0.98	-0.7	0.0420247

-1	-0.6	0.0487008
-0.98	-0.6	0.0208499
-0.96	-0.6	0.0218751
-0.94	-0.6	0.0578654
-0.92	-0.6	0.079142
-0.9	-0.6	0.100943
-0.88	-0.6	0.127642
-0.86	-0.6	0.15829
-0.84	-0.6	0.192079
-0.82	-0.6	0.228376
-0.8	-0.6	0.266699
-0.78	-0.6	0.306675
-0.76	-0.6	0.348044
-0.74	-0.6	0.370961
-0.72	-0.6	0.326858
-0.7	-0.6	0.282259
-0.68	-0.6	0.237541
-0.66	-0.6	0.192287
-0.64	-0.6	0.146949
-0.62	-0.6	0.101381
-0.6	-0.6	0.0555559
-0.58	-0.6	0.011142
-0.56	-0.6	0.0365621
-0.54	-0.6	0.0822998
-0.52	-0.6	0.127434
-0.5	-0.6	0.171445
-0.48	-0.6	0.213161
-0.46	-0.6	0.250525
-0.44	-0.6	0.279391
-0.42	-0.6	0.293397
-0.4	-0.6	0.287132
-0.38	-0.6	0.260784
-0.36	-0.6	0.218443
-0.34	-0.6	0.139781
-0.32	-0.6	0.0508853
-0.3	-0.6	0.0338502
-0.28	-0.6	0.038945
-0.26	-0.6	0.115055
-0.24	-0.6	0.0807953
-0.22	-0.6	0.00911881
-0.2	-0.6	0.0995134
-0.18	-0.6	0.190277
-0.16	-0.6	0.281388
-0.14	-0.6	0.372827
-0.12	-0.6	0.464378
-0.1	-0.6	0.556131
-0.08	-0.6	0.648003
-0.06	-0.6	0.739949
-0.04	-0.6	0.831942
-0.02	-0.6	0.923965
8.88178e-16	-0.6	1.01601
0.02	-0.6	0.923965
0.04	-0.6	0.831942
0.06	-0.6	0.739949
0.08	-0.6	0.648003
0.1	-0.6	0.556131
0.12	-0.6	0.464378
0.14	-0.6	0.372828
0.16	-0.6	0.281388
0.18	-0.6	0.190277
0.2	-0.6	0.0995132
0.22	-0.6	0.00911858
0.24	-0.6	0.080795
0.26	-0.6	0.115055
0.28	-0.6	0.0389443
0.3	-0.6	0.0338505
0.32	-0.6	0.0508856
0.34	-0.6	0.139781
0.36	-0.6	0.218444
0.38	-0.6	0.260784
0.4	-0.6	0.287132
0.42	-0.6	0.293397
0.44	-0.6	0.279391
0.46	-0.6	0.250525
0.48	-0.6	0.213161
0.5	-0.6	0.171445
0.52	-0.6	0.127434
0.54	-0.6	0.0822991
0.56	-0.6	0.0365617
0.58	-0.6	0.0111265
0.6	-0.6	0.0555586
0.62	-0.6	0.101383
0.64	-0.6	0.146948
0.66	-0.6	0.192287
0.68	-0.6	0.237542
0.7	-0.6	0.282259
0.72	-0.6	0.326857
0.74	-0.6	0.370961
0.76	-0.6	0.348044
0.78	-0.6	0.306675
0.8	-0.6	0.266699
0.82	-0.6	0.228376
0.84	-0.6	0.192079
0.86	-0.6	0.15829
0.88	-0.6	0.127641
0.9	-0.6	0.100943
0.92	-0.6	0.0791421
0.94	-0.6	0.0578672
0.96	-0.6	0.021905
0.98	-0.6	0.0208382

-1	-0.5	0.0338824
-0.98	-0.5	0.00507392
-0.96	-0.5	0.0392271
-0.94	-0.5	0.0529424
-0.92	-0.5	0.0725944
-0.9	-0.5	0.0982062
-0.88	-0.5	0.128421
-0.86	-0.5	0.16211
-0.84	-0.5	0.198425
-0.82	-0.5	0.23681
-0.8	-0.5	0.276841
-0.78	-0.5	0.303305
-0.76	-0.5	0.259776
-0.74	-0.5	0.216038
-0.72	-0.5	0.17172
-0.7	-0.5	0.127177
-0.68	-0.5	0.082406
-0.66	-0.5	0.0372364
-0.64	-0.5	0.00852886
-0.62	-0.5	0.0543166
-0.6	-0.5	0.100207
-0.58	-0.5	0.146222
-0.56	-0.5	0.192355
-0.54	-0.5	0.238155
-0.52	-0.5	0.283357
-0.5	-0.5	0.327136
-0.48	-0.5	0.36789
-0.46	-0.5	0.401927
-0.44	-0.5	0.421738
-0.42	-0.5	0.418478
-0.4	-0.5	0.391072
-0.38	-0.5	0.345271
-0.36	-0.5	0.264439
-0.34	-0.5	0.174754
-0.32	-0.5	0.084506
-0.3	-0.5	0.00697323
-0.28	-0.5	0.00919711
-0.26	-0.5	0.0909831
-0.24	-0.5	0.0415808
-0.22	-0.5	0.0503696
-0.2	-0.5	0.142095
-0.18	-0.5	0.234135
-0.16	-0.5	0.326371
-0.14	-0.5	0.418845
-0.12	-0.5	0.511413
-0.1	-0.5	0.60407
-0.08	-0.5	0.696817
-0.06	-0.5	0.789622
-0.04	-0.5	0.882465
-0.02	-0.5	0.975333
8.88178e-16	-0.5	1.06822
0.02	-0.5	0.975333
0.04	-0.5	0.882465
0.06	-0.5	0.789622
0.08	-0.5	0.696817
0.1	-0.5	0.60407
0.12	-0.5	0.511413
0.14	-0.5	0.418845
0.16	-0.5	0.326371
0.18	-0.5	0.234135
0.2	-0.5	0.142095
0.22	-0.5	0.0503699
0.24	-0.5	0.0415814
0.26	-0.5	0.0909822
0.28	-0.5	0.00920401
0.3	-0.5	0.00698079
0.32	-0.5	0.0845081
0.34	-0.5	0.174754
0.36	-0.5	0.264439
0.38	-0.5	0.345271
0.4	-0.5	0.391072
0.42	-0.5	0.418478
0.44	-0.5	0.421738
0.46	-0.5	0.401927
0.48	-0.5	0.36789
0.5	-0.5	0.327136
0.52	-0.5	0.283357
0.54	-0.5	0.238154
0.56	-0.5	0.192355
0.58	-0.5	0.146222
0.6	-0.5	0.100206
0.62	-0.5	0.0543144
0.64	-0.5	0.00852394
0.66	-0.5	0.0372399
0.68	-0.5	0.0824037
0.7	-0.5	0.127178
0.72	-0.5	0.171719
0.74	-0.5	0.21604
0.76	-0.5	0.259777
0.78	-0.5	0.303305
0.8	-0.5	0.276841
0.82	-0.5	0.23681
0.84	-0.5	0.198425
0.86	-0.5	0.16211
0.88	-0.5	0.12842
0.9	-0.5	0.0982062
0.92	-0.5	0.0725944
0.94	-0.5	0.0529422
0.96	-0.5	0.0392098
0.98	-0.5	0.00502071

-1	-0.4	0.0217261
-0.98	-0.4	0.0137676
-0.96	-0.4	0.0309808
-0.94	-0.4	0.047673
-0.92	-0.4	0.0719647
-0.9	-0.4	0.101838
-0.88	-0.4	0.135612
-0.86	-0.4	0.172187
-0.84	-0.4	0.210805
-0.82	-0.4	0.23546
-0.8	-0.4	0.19248
-0.78	-0.4	0.149211
-0.76	-0.4	0.105745
-0.74	-0.4	0.0623434
-0.72	-0.4	0.0176951
-0.7	-0.4	0.027348
-0.68	-0.4	0.0721363
-0.66	-0.4	0.117287
-0.64	-0.4	0.162799
-0.62	-0.4	0.20867
-0.6	-0.4	0.254735
-0.58	-0.4	0.300949
-0.56	-0.4	0.347227
-0.54	-0.4	0.393286
-0.52	-0.4	0.438682
-0.5	-0.4	0.482391
-0.48	-0.4	0.521782
-0.46	-0.4	0.54975
-0.44	-0.4	0.552804
-0.42	-0.4	0.52557
-0.4	-0.4	0.476182
-0.38	-0.4	0.390936
-0.36	-0.4	0.300411
-0.34	-0.4	0.209153
-0.32	-0.4	0.117342
-0.3	-0.4	0.0255607
-0.28	-0.4	0.0152115
-0.26	-0.4	0.0715125
-0.24	-0.4	0.00403701
-0.22	-0.4	0.0890782
-0.2	-0.4	0.182001
-0.18	-0.4	0.275027
-0.16	-0.4	0.368214
-0.14	-0.4	0.46146
-0.12	-0.4	0.554818
-0.1	-0.4	0.648243
-0.08	-0.4	0.741708
-0.06	-0.4	0.835201
-0.04	-0.4	0.928712
-0.02	-0.4	1.02223
8.88178e-16	-0.4	1.11577
0.02	-0.4	1.02223
0.04	-0.4	0.928711
0.06	-0.4	0.8352
0.08	-0.4	0.741708
0.1	-0.4	0.648243
0.12	-0.4	0.554818
0.14	-0.4	0.46146
0.16	-0.4	0.368214
0.18	-0.4	0.275027
0.2	-0.4	0.182001
0.22	-0.4	0.0890782
0.24	-0.4	0.00403515
0.26	-0.4	0.0715128
0.28	-0.4	0.0152128
0.3	-0.4	0.0255547
0.32	-0.4	0.117341
0.34	-0.4	0.209153
0.36	-0.4	0.300411
0.38	-0.4	0.390937
0.4	-0.4	0.476182
0.42	-0.4	0.52557
0.44	-0.4	0.552804
0.46	-0.4	0.54975
0.48	-0.4	0.521782
0.5	-0.4	0.482391
0.52	-0.4	0.438682
0.54	-0.4	0.393286
0.56	-0.4	0.347227
0.58	-0.4	0.300949
0.6	-0.4	0.254735
0.62	-0.4	0.20867
0.64	-0.4	0.162799
0.66	-0.4	0.117288
0.68	-0.4	0.072134
0.7	-0.4	0.0273534
0.72	-0.4	0.0176895
0.74	-0.4	0.0623378
0.76	-0.4	0.105746
0.78	-0.4	0.149211
0.8	-0.4	0.192479
0.82	-0.4	0.235458
0.84	-0.4	0.210805
0.86	-0.4	0.172187
0.88	-0.4	0.135612
0.9	-0.4	0.101838
0.92	-0.4	0.0719648
0.94	-0.4	0.0476731
0.96	-0.4	0.0309807
0.98	-0.4	0.0137488

-1	-0.3	0.0122543
-0.98	-0.3	0.014468
-0.96	-0.3	0.0264599
-0.94	-0.3	0.0489705
-0.92	-0.3	0.0787022
-0.9	-0.3	0.112942
-0.88	-0.3	0.15007
-0.86	-0.3	0.167072
-0.84	-0.3	0.125079
-0.82	-0.3	0.0825419
-0.8	-0.3	0.0395222
-0.78	-0.3	0.00398603
-0.76	-0.3	0.0476192
-0.74	-0.3	0.0917226
-0.72	-0.3	0.135737
-0.7	-0.3	0.180267
-0.68	-0.3	0.225328
-0.66	-0.3	0.270502
-0.64	-0.3	0.316174
-0.62	-0.3	0.362071
-0.6	-0.3	0.408266
-0.58	-0.3	0.454695
-0.56	-0.3	0.5012
-0.54	-0.3	0.547582
-0.52	-0.3	0.593343
-0.5	-0.3	0.637107
-0.48	-0.3	0.674227
-0.46	-0.3	0.688718
-0.44	-0.3	0.663837
-0.42	-0.3	0.609411
-0.4	-0.3	0.519127
-0.38	-0.3	0.427754
-0.36	-0.3	0.335626
-0.34	-0.3	0.242967
-0.32	-0.3	0.149996
-0.3	-0.3	0.0567634
-0.28	-0.3	0.0340623
-0.26	-0.3	0.0565882
-0.24	-0.3	0.0328748
-0.22	-0.3	0.12592
-0.2	-0.3	0.219691
-0.18	-0.3	0.313382
-0.16	-0.3	0.407229
-0.14	-0.3	0.501147
-0.12	-0.3	0.595076
-0.1	-0.3	0.689026
-0.08	-0.3	0.78301
-0.06	-0.3	0.877016
-0.04	-0.3	0.971038
-0.02	-0.3	1.06507
8.88178e-16	-0.3	1.15911
0.02	-0.3	1.06507
0.04	-0.3	0.971039
0.06	-0.3	0.877016
0.08	-0.3	0.78301
0.1	-0.3	0.689026
0.12	-0.3	0.595076
0.14	-0.3	0.501147
0.16	-0.3	0.407229
0.18	-0.3	0.313382
0.2	-0.3	0.219691
0.22	-0.3	0.12592
0.24	-0.3	0.0328741
0.26	-0.3	0.0565887
0.28	-0.3	0.0340579
0.3	-0.3	0.0567633
0.32	-0.3	0.149996
0.34	-0.3	0.242967
0.36	-0.3	0.335626
0.38	-0.3	0.427754
0.4	-0.3	0.519127
0.42	-0.3	0.60941
0.44	-0.3	0.663837
0.46	-0.3	0.688718
0.48	-0.3	0.674227
0.5	-0.3	0.637107
0.52	-0.3	0.593343
0.54	-0.3	0.547582
0.56	-0.3	0.5012
0.58	-0.3	0.454694
0.6	-0.3	0.408266
0.62	-0.3	0.362071
0.64	-0.3	0.316174
0.66	-0.3	0.270502
0.68	-0.3	0.225329
0.7	-0.3	0.180267
0.72	-0.3	0.135735
0.74	-0.3	0.091726
0.76	-0.3	0.0476222
0.78	-0.3	0.0039795
0.8	-0.3	0.0395172
0.82	-0.3	0.0825373
0.84	-0.3	0.125079
0.86	-0.3	0.167073
0.88	-0.3	0.15007
0.9	-0.3	0.112942
0.92	-0.3	0.0787023
0.94	-0.3	0.0489704
0.96	-0.3	0.0264598
0.98	-0.3	0.0144679

-1	-0.2	0.00545057
-0.98	-0.2	0.00984031
-0.96	-0.2	0.0292776
-0.94	-0.2	0.0593411
-0.92	-0.2	0.0946673
-0.9	-0.2	0.0982832
-0.88	-0.2	0.0568775
-0.86	-0.2	0.0163277
-0.84	-0.2	0.0288862
-0.82	-0.2	0.0706397
-0.8	-0.2	0.11309
-0.78	-0.2	0.156154
-0.76	-0.2	0.199664
-0.74	-0.2	0.243575
-0.72	-0.2	0.287874
-0.7	-0.2	0.33244
-0.68	-0.2	0.377347
-0.66	-0.2	0.422682
-0.64	-0.2	0.468306
-0.62	-0.2	0.514329
-0.6	-0.2	0.560618
-0.58	-0.2	0.607219
-0.56	-0.2	0.654
-0.54	-0.2	0.700822
-0.52	-0.2	0.747183
-0.5	-0.2	0.791313
-0.48	-0.2	0.8227
-0.46	-0.2	0.805527
-0.44	-0.2	0.740198
-0.42	-0.2	0.648831
-0.4	-0.2	0.556394
-0.38	-0.2	0.463346
-0.36	-0.2	0.369918
-0.34	-0.2	0.276252
-0.32	-0.2	0.182381
-0.3	-0.2	0.0884195
-0.28	-0.2	0.00735917
-0.26	-0.2	0.0273068
-0.24	-0.2	0.0671169
-0.22	-0.2	0.161025
-0.2	-0.2	0.255262
-0.18	-0.2	0.349564
-0.16	-0.2	0.44385
-0.14	-0.2	0.538144
-0.12	-0.2	0.632469
-0.1	-0.2	0.726813
-0.08	-0.2	0.82117
-0.06	-0.2	0.915536
-0.04	-0.2	1.00991
-0.02	-0.2	1.10428
8.88178e-16	-0.2	1.19866
0.02	-0.2	1.10428
0.04	-0.2	1.00991
0.06	-0.2	0.915536
0.08	-0.2	0.82117
0.1	-0.2	0.726813
0.12	-0.2	0.632469
0.14	-0.2	0.538144
0.16	-0.2	0.44385
0.18	-0.2	0.349564
0.2	-0.2	0.255262
0.22	-0.2	0.161025
0.24	-0.2	0.0671173
0.26	-0.2	0.0273067
0.28	-0.2	0.00733971
0.3	-0.2	0.0884203
0.32	-0.2	0.182381
0.34	-0.2	0.276251
0.36	-0.2	0.369917
0.38	-0.2	0.463346
0.4	-0.2	0.556394
0.42	-0.2	0.648831
0.44	-0.2	0.740198
0.46	-0.2	0.805527
0.48	-0.2	0.8227
0.5	-0.2	0.791313
0.52	-0.2	0.747183
0.54	-0.2	0.700822
0.56	-0.2	0.654
0.58	-0.2	0.607219
0.6	-0.2	0.560619
0.62	-0.2	0.514329
0.64	-0.2	0.468306
0.66	-0.2	0.422683
0.68	-0.2	0.377347
0.7	-0.2	0.332439
0.72	-0.2	0.287875
0.74	-0.2	0.243576
0.76	-0.2	0.199664
0.78	-0.2	0.156153
0.8	-0.2	0.113088
0.82	-0.2	0.0706335
0.84	-0.2	0.0288883
0.86	-0.2	0.0163308
0.88	-0.2	0.0568782
0.9	-0.2	0.0982835
0.92	-0.2	0.0946674
0.94	-0.2	0.0593411
0.96	-0.2	0.0292776
0.98	-0.2	0.0098404

-1	-0.1	0.00136329
-0.98	-0.1	0.0129506
-0.96	-0.1	0.0446505
-0.94	-0.1	0.0292151
-0.92	-0.1	0.0119749
-0.9	-0.1	0.0531506
-0.88	-0.1	0.0947252
-0.86	-0.1	0.136617
-0.84	-0.1	0.178825
-0.82	-0.1	0.221355
-0.8	-0.1	0.264212
-0.78	-0.1	0.307402
-0.76	-0.1	0.350856
-0.74	-0.1	0.394665
-0.72	-0.1	0.438841
-0.7	-0.1	0.483384
-0.68	-0.1	0.5283
-0.66	-0.1	0.573592
-0.64	-0.1	0.619213
-0.62	-0.1	0.665203
-0.6	-0.1	0.711577
-0.58	-0.1	0.758287
-0.56	-0.1	0.805322
-0.54	-0.1	0.852589
-0.52	-0.1	0.899796
-0.5	-0.1	0.944971
-0.48	-0.1	0.950359
-0.46	-0.1	0.872329
-0.44	-0.1	0.779456
-0.42	-0.1	0.685804
-0.4	-0.1	0.59181
-0.38	-0.1	0.497618
-0.36	-0.1	0.403309
-0.34	-0.1	0.308906
-0.32	-0.1	0.214539
-0.3	-0.1	0.120032
-0.28	-0.1	0.0255384
-0.26	-0.1	0.00583648
-0.24	-0.1	0.100186
-0.22	-0.1	0.194717
-0.2	-0.1	0.289191
-0.18	-0.1	0.383717
-0.16	-0.1	0.478264
-0.14	-0.1	0.572823
-0.12	-0.1	0.667388
-0.1	-0.1	0.761957
-0.08	-0.1	0.856529
-0.06	-0.1	0.951102
-0.04	-0.1	1.04568
-0.02	-0.1	1.14025
8.88178e-16	-0.1	1.23483
0.02	-0.1	1.14025
0.04	-0.1	1.04568
0.06	-0.1	0.951102
0.08	-0.1	0.856529
0.1	-0.1	0.761957
0.12	-0.1	0.667388
0.14	-0.1	0.572823
0.16	-0.1	0.478264
0.18	-0.1	0.383717
0.2	-0.1	0.289191
0.22	-0.1	0.194718
0.24	-0.1	0.100186
0.26	-0.1	0.00583518
0.28	-0.1	0.0255371
0.3	-0.1	0.120033
0.32	-0.1	0.214538
0.34	-0.1	0.308906
0.36	-0.1	0.403309
0.38	-0.1	0.497619
0.4	-0.1	0.59181
0.42	-0.1	0.685804
0.44	-0.1	0.779456
0.46	-0.1	0.872329
0.48	-0.1	0.950359
0.5	-0.1	0.944971
0.52	-0.1	0.899796
0.54	-0.1	0.852589
0.56	-0.1	0.805322
0.58	-0.1	0.758287
0.6	-0.1	0.711577
0.62	-0.1	0.665203
0.64	-0.1	0.619213
0.66	-0.1	0.573593
0.68	-0.1	0.5283
0.7	-0.1	0.483384
0.72	-0.1	0.43884
0.74	-0.1	0.394665
0.76	-0.1	0.350855
0.78	-0.1	0.307403
0.8	-0.1	0.264212
0.82	-0.1	0.221355
0.84	-0.1	0.178825
0.86	-0.1	0.136617
0.88	-0.1	0.0947254
0.9	-0.1	0.053151
0.92	-0.1	0.0119763
0.94	-0.1	0.0292154
0.96	-0.1	0.0446505
0.98	-0.1	0.0129506

